9.387755102040816757e-01
5.376344086021505458e-02
2.343750000000000000e-01
0.000000000000000000e+00
1.000000000000000000e+00
0.000000000000000000e+00
0.000000000000000000e+00
5.600000000000000117e-02
1.923076923076923184e-02
6.818181818181817677e-02
1.000000000000000000e+00
9.701492537313433084e-01
3.797468354430379861e-02
3.281250000000000000e-01
0.000000000000000000e+00
2.653061224489796088e-01
1.000000000000000000e+00
0.000000000000000000e+00
0.000000000000000000e+00
0.000000000000000000e+00
0.000000000000000000e+00
1.000000000000000000e+00
0.000000000000000000e+00
9.666666666666666741e-01
6.964285714285713969e-01
9.508196721311474864e-01
2.407407407407407274e-01
0.000000000000000000e+00
0.000000000000000000e+00
9.387755102040816757e-01
1.000000000000000000e+00
0.000000000000000000e+00
0.000000000000000000e+00
4.259259259259259300e-01
0.000000000000000000e+00
0.000000000000000000e+00
7.234042553191489811e-01
9.622641509433962348e-01
0.000000000000000000e+00
0.000000000000000000e+00
0.000000000000000000e+00
0.000000000000000000e+00
5.094339622641509413e-01
0.000000000000000000e+00
6.964285714285713969e-01
0.000000000000000000e+00
9.000000000000000222e-01
1.000000000000000000e+00
6.410256410256410797e-01
8.837209302325581550e-01
0.000000000000000000e+00
4.117647058823529216e-01
0.000000000000000000e+00
0.000000000000000000e+00
0.000000000000000000e+00
9.230769230769231282e-02
0.000000000000000000e+00
1.973684210526315819e-01
1.000000000000000000e+00
3.488372093023255904e-01
9.565217391304348116e-01
9.545454545454545858e-01
9.682539682539682557e-01
0.000000000000000000e+00
5.999999999999999778e-01
0.000000000000000000e+00
1.000000000000000000e+00
1.000000000000000000e+00
5.657894736842105088e-01
1.000000000000000000e+00
0.000000000000000000e+00
2.976190476190476164e-01
0.000000000000000000e+00
9.399999999999999467e-01
4.324324324324324564e-01
0.000000000000000000e+00
0.000000000000000000e+00
0.000000000000000000e+00
4.848484848484848619e-01
0.000000000000000000e+00
0.000000000000000000e+00
6.444444444444444864e-01
9.487179487179486781e-01
2.545454545454545192e-01
0.000000000000000000e+00
0.000000000000000000e+00
0.000000000000000000e+00
0.000000000000000000e+00
9.444444444444444198e-01
7.818181818181818565e-01
8.928571428571429047e-01
3.703703703703703498e-01
5.000000000000000278e-02
0.000000000000000000e+00
0.000000000000000000e+00
7.317073170731706877e-02
3.815789473684210731e-01
4.918032786885245811e-02
0.000000000000000000e+00
3.555555555555555691e-01
1.000000000000000000e+00
1.000000000000000000e+00
1.000000000000000000e+00
0.000000000000000000e+00
5.405405405405405705e-01
1.000000000000000000e+00
9.565217391304348116e-01
0.000000000000000000e+00
0.000000000000000000e+00
0.000000000000000000e+00
0.000000000000000000e+00
0.000000000000000000e+00
2.197802197802197974e-02
9.423076923076922906e-01
0.000000000000000000e+00
1.666666666666666574e-01
0.000000000000000000e+00
0.000000000000000000e+00
1.000000000000000000e+00
9.545454545454545858e-01
0.000000000000000000e+00
1.000000000000000000e+00
7.199999999999999734e-01
1.000000000000000000e+00
0.000000000000000000e+00
0.000000000000000000e+00
0.000000000000000000e+00
9.250000000000000444e-01
7.142857142857142461e-02
0.000000000000000000e+00
9.399999999999999467e-01
1.000000000000000000e+00
0.000000000000000000e+00
4.183673469387755306e-01
0.000000000000000000e+00
9.302325581395348708e-01
5.806451612903226200e-01
9.218750000000000000e-01
7.457627118644067910e-01
3.265306122448979331e-01
0.000000000000000000e+00
0.000000000000000000e+00
9.736842105263158187e-01
9.361702127659574657e-01
9.682539682539682557e-01
0.000000000000000000e+00
9.000000000000000222e-01
2.888888888888888618e-01
3.163265306122449161e-01
9.268292682926829729e-01
1.875000000000000000e-01
9.230769230769231282e-01
0.000000000000000000e+00
5.999999999999999778e-01
9.677419354838709964e-01
9.302325581395348708e-01
1.000000000000000000e+00
0.000000000000000000e+00
0.000000000000000000e+00
9.473684210526315264e-01
0.000000000000000000e+00
0.000000000000000000e+00
8.913043478260869179e-01
0.000000000000000000e+00
9.607843137254902244e-01
9.324324324324324564e-01
3.555555555555555691e-01
1.372549019607843257e-01
0.000000000000000000e+00
5.555555555555555247e-02
2.666666666666666630e-01
0.000000000000000000e+00
4.459459459459459429e-01
1.000000000000000000e+00
3.333333333333333148e-01
0.000000000000000000e+00
5.128205128205128027e-02
0.000000000000000000e+00
2.222222222222222307e-02
0.000000000000000000e+00
9.677419354838709964e-01
3.902439024390244038e-01
1.864406779661016977e-01
2.800000000000000266e-01
5.882352941176470507e-02
0.000000000000000000e+00
5.333333333333333259e-01
4.181818181818181546e-01
6.521739130434782428e-02
3.898305084745762872e-01
4.181818181818181546e-01
6.621621621621621712e-01
4.749999999999999778e-01
7.199999999999999734e-01
1.000000000000000000e+00
1.000000000000000000e+00
2.272727272727272652e-01
9.387755102040816757e-01
7.460317460317460458e-01
0.000000000000000000e+00
2.500000000000000000e-01
1.000000000000000000e+00
0.000000000000000000e+00
0.000000000000000000e+00
4.838709677419354704e-02
1.000000000000000000e+00
5.555555555555555247e-02
2.452830188679245293e-01
4.081632653061224164e-02
0.000000000000000000e+00
0.000000000000000000e+00
0.000000000000000000e+00
9.361702127659574657e-01
5.172413793103448204e-02
6.440677966101694407e-01
9.431818181818182323e-01
5.769230769230769551e-02
0.000000000000000000e+00
0.000000000000000000e+00
6.122448979591836593e-02
9.210526315789473450e-01
3.636363636363636465e-01
5.000000000000000000e-01
9.534883720930232842e-01
0.000000000000000000e+00
9.305555555555555802e-01
0.000000000000000000e+00
0.000000000000000000e+00
0.000000000000000000e+00
9.565217391304348116e-01
4.693877551020408379e-01
5.660377358490566169e-02
0.000000000000000000e+00
0.000000000000000000e+00
0.000000000000000000e+00
9.019607843137255054e-01
1.000000000000000000e+00
5.675675675675675436e-01
9.545454545454545858e-01
9.375000000000000000e-01
1.000000000000000000e+00
6.521739130434782428e-02
6.851851851851852304e-01
9.387755102040816757e-01
9.305555555555555802e-01
0.000000000000000000e+00
0.000000000000000000e+00
0.000000000000000000e+00
1.000000000000000000e+00
9.333333333333333481e-01
1.224489795918367319e-01
0.000000000000000000e+00
0.000000000000000000e+00
5.636363636363636020e-01
5.555555555555555247e-02
0.000000000000000000e+00
9.090909090909090606e-01
1.000000000000000000e+00
5.657894736842105088e-01
9.523809523809523281e-01
2.642857142857142905e-01
4.285714285714285476e-01
0.000000000000000000e+00
0.000000000000000000e+00
7.446808510638297518e-01
6.250000000000000000e-02
1.000000000000000000e+00
9.464285714285713969e-01
1.000000000000000000e+00
3.846153846153846367e-02
9.473684210526315264e-01
9.387755102040816757e-01
7.962962962962962798e-01
9.629629629629629095e-01
0.000000000000000000e+00
1.000000000000000000e+00
6.666666666666666574e-02
2.641509433962264120e-01
0.000000000000000000e+00
7.142857142857142461e-02
3.888888888888888951e-01
9.411764705882352811e-01
0.000000000000000000e+00
9.397590361445783413e-01
0.000000000000000000e+00
0.000000000000000000e+00
0.000000000000000000e+00
3.529411764705882582e-01
9.399999999999999467e-01
0.000000000000000000e+00
9.268292682926829729e-01
0.000000000000000000e+00
0.000000000000000000e+00
0.000000000000000000e+00
2.999999999999999889e-01
0.000000000000000000e+00
4.255319148936170109e-02
4.545454545454545581e-02
0.000000000000000000e+00
6.626506024096385783e-01
8.703703703703703498e-01
5.714285714285713969e-01
2.631578947368420907e-01
9.523809523809523281e-01
0.000000000000000000e+00
0.000000000000000000e+00
0.000000000000000000e+00
0.000000000000000000e+00
0.000000000000000000e+00
0.000000000000000000e+00
4.000000000000000222e-01
4.166666666666666435e-02
5.882352941176470507e-02
0.000000000000000000e+00
0.000000000000000000e+00
9.382716049382715529e-01
9.607843137254902244e-01
1.666666666666666574e-01
9.512195121951219079e-01
8.684210526315789824e-01
9.504950495049504511e-01
1.000000000000000000e+00
9.318181818181817677e-01
0.000000000000000000e+00
9.761904761904761640e-01
8.627450980392157298e-01
9.538461538461538991e-01
0.000000000000000000e+00
0.000000000000000000e+00
3.265306122448979331e-01
7.058823529411765163e-01
9.846153846153846700e-01
0.000000000000000000e+00
0.000000000000000000e+00
5.744680851063830307e-01
0.000000000000000000e+00
0.000000000000000000e+00
9.318181818181817677e-01
0.000000000000000000e+00
5.813953488372092943e-02
2.999999999999999889e-01
0.000000000000000000e+00
0.000000000000000000e+00
2.631578947368420907e-01
9.107142857142856984e-01
0.000000000000000000e+00
1.000000000000000000e+00
0.000000000000000000e+00
0.000000000000000000e+00
0.000000000000000000e+00
0.000000000000000000e+00
0.000000000000000000e+00
0.000000000000000000e+00
5.471698113207547065e-01
2.238805970149253810e-01
0.000000000000000000e+00
9.655172413793103869e-01
1.250000000000000000e-01
3.636363636363636465e-01
0.000000000000000000e+00
1.149425287356321823e-01
9.250000000000000444e-01
6.481481481481481399e-01
0.000000000000000000e+00
3.695652173913043237e-01
6.607142857142856984e-01
6.956521739130434590e-01
0.000000000000000000e+00
0.000000000000000000e+00
9.487179487179486781e-01
0.000000000000000000e+00
1.000000000000000000e+00
9.583333333333333703e-01
3.877551020408163129e-01
0.000000000000000000e+00
0.000000000000000000e+00
4.500000000000000111e-01
0.000000000000000000e+00
7.045454545454545858e-01
0.000000000000000000e+00
6.585365853658536883e-01
9.565217391304348116e-01
3.529411764705882582e-01
0.000000000000000000e+00
1.000000000000000000e+00
6.199999999999999956e-01
0.000000000000000000e+00
0.000000000000000000e+00
2.040816326530612290e-01
0.000000000000000000e+00
0.000000000000000000e+00
1.000000000000000000e+00
9.583333333333333703e-01
1.000000000000000000e+00
1.000000000000000000e+00
9.473684210526315264e-01
2.747252747252747485e-01
0.000000000000000000e+00
9.464285714285713969e-01
7.624999999999999556e-01
9.038461538461538547e-01
1.000000000000000000e+00
1.000000000000000000e+00
0.000000000000000000e+00
0.000000000000000000e+00
2.432432432432432567e-01
1.111111111111111049e-01
0.000000000000000000e+00
9.285714285714286031e-01
0.000000000000000000e+00
0.000000000000000000e+00
2.978723404255319007e-01
0.000000000000000000e+00
0.000000000000000000e+00
2.941176470588235392e-01
0.000000000000000000e+00
0.000000000000000000e+00
0.000000000000000000e+00
8.333333333333333703e-01
0.000000000000000000e+00
9.599999999999999645e-01
0.000000000000000000e+00
4.086021505376344343e-01
0.000000000000000000e+00
9.574468085106383475e-01
3.082706766917293062e-01
6.530612244897958663e-01
0.000000000000000000e+00
5.744680851063830307e-01
1.000000000000000000e+00
0.000000000000000000e+00
0.000000000000000000e+00
4.166666666666666852e-01
9.534883720930232842e-01
9.411764705882352811e-01
0.000000000000000000e+00
9.333333333333333481e-01
0.000000000000000000e+00
9.361702127659574657e-01
1.000000000000000000e+00
0.000000000000000000e+00
5.208333333333333703e-01
1.898734177215190000e-01
0.000000000000000000e+00
0.000000000000000000e+00
0.000000000000000000e+00
0.000000000000000000e+00
9.302325581395348708e-01
0.000000000000000000e+00
0.000000000000000000e+00
0.000000000000000000e+00
0.000000000000000000e+00
1.000000000000000000e+00
2.500000000000000000e-01
7.254901960784313486e-01
0.000000000000000000e+00
9.484536082474226415e-01
1.000000000000000000e+00
3.541666666666666852e-01
2.380952380952380820e-01
9.090909090909090606e-01
0.000000000000000000e+00
0.000000000000000000e+00
4.324324324324324564e-01
9.425287356321838672e-01
9.302325581395348708e-01
0.000000000000000000e+00
9.622641509433962348e-01
9.295774647887323772e-01
9.230769230769231282e-01
2.812500000000000000e-01
0.000000000000000000e+00
0.000000000000000000e+00
9.583333333333333703e-01
0.000000000000000000e+00
0.000000000000000000e+00
9.599999999999999645e-01
3.428571428571428603e-01
3.913043478260869734e-01
0.000000000000000000e+00
3.265306122448979331e-01
9.534883720930232842e-01
0.000000000000000000e+00
0.000000000000000000e+00
0.000000000000000000e+00
0.000000000000000000e+00
9.268292682926829729e-01
1.000000000000000000e+00
1.000000000000000000e+00
8.979591836734693855e-01
0.000000000000000000e+00
2.999999999999999889e-01
0.000000000000000000e+00
0.000000000000000000e+00
4.824561403508771940e-01
8.913043478260869179e-01
9.574468085106383475e-01
9.649122807017543879e-01
0.000000000000000000e+00
1.000000000000000000e+00
3.773584905660377631e-01
2.906976744186046679e-01
9.333333333333333481e-01
0.000000000000000000e+00
0.000000000000000000e+00
6.976744186046511531e-02
3.846153846153846367e-01
9.193548387096773800e-01
0.000000000000000000e+00
0.000000000000000000e+00
1.000000000000000000e+00
0.000000000000000000e+00
0.000000000000000000e+00
0.000000000000000000e+00
0.000000000000000000e+00
5.113636363636363535e-01
0.000000000000000000e+00
0.000000000000000000e+00
0.000000000000000000e+00
0.000000000000000000e+00
5.106382978723403854e-01
9.803921568627450844e-02
1.000000000000000000e+00
0.000000000000000000e+00
0.000000000000000000e+00
9.677419354838709964e-01
5.172413793103448204e-02
1.000000000000000000e+00
0.000000000000000000e+00
0.000000000000000000e+00
0.000000000000000000e+00
0.000000000000000000e+00
6.122448979591836871e-01
3.614457831325301046e-02
0.000000000000000000e+00
9.599999999999999645e-01
0.000000000000000000e+00
5.263157894736841813e-02
2.439024390243902524e-02
7.254901960784313486e-01
0.000000000000000000e+00
2.542372881355932090e-01
8.510638297872340219e-02
0.000000000000000000e+00
4.893617021276595591e-01
9.655172413793103869e-01
2.127659574468085124e-01
0.000000000000000000e+00
9.459459459459459429e-01
9.347826086956522174e-01
9.473684210526315264e-01
6.400000000000000133e-01
1.000000000000000000e+00
6.170212765957446832e-01
0.000000000000000000e+00
5.238095238095238360e-01
6.521739130434782428e-02
2.830188679245282946e-01
5.263157894736841813e-02
0.000000000000000000e+00
0.000000000000000000e+00
9.499999999999999556e-01
9.583333333333333703e-01
0.000000000000000000e+00
3.596491228070175517e-01
0.000000000000000000e+00
9.333333333333333481e-01
0.000000000000000000e+00
0.000000000000000000e+00
1.333333333333333315e-01
9.074074074074074403e-01
3.785714285714285587e-01
4.193548387096774355e-01
0.000000000000000000e+00
5.901639344262294973e-01
0.000000000000000000e+00
3.921568627450980338e-01
0.000000000000000000e+00
4.226804123711340178e-01
6.250000000000000000e-01
1.000000000000000000e+00
0.000000000000000000e+00
9.583333333333333703e-01
6.724137931034482873e-01
2.325581395348837177e-01
0.000000000000000000e+00
8.768115942028985588e-01
4.000000000000000222e-01
4.038461538461538547e-01
3.421052631578947456e-01
0.000000000000000000e+00
8.888888888888888395e-01
9.565217391304348116e-01
9.499999999999999556e-01
7.499999999999999722e-02
3.333333333333333148e-01
0.000000000000000000e+00
0.000000000000000000e+00
9.545454545454545858e-01
0.000000000000000000e+00
6.122448979591836593e-02
3.409090909090908839e-01
0.000000000000000000e+00
6.976744186046511531e-02
4.626865671641791078e-01
3.863636363636363535e-01
0.000000000000000000e+00
1.000000000000000000e+00
3.409090909090908839e-01
0.000000000000000000e+00
0.000000000000000000e+00
2.631578947368420907e-01
0.000000000000000000e+00
0.000000000000000000e+00
5.686274509803921351e-01
1.000000000000000000e+00
9.787234042553191182e-01
0.000000000000000000e+00
0.000000000000000000e+00
0.000000000000000000e+00
0.000000000000000000e+00
0.000000000000000000e+00
0.000000000000000000e+00
9.180327868852459217e-01
1.000000000000000000e+00
1.492537313432835688e-01
0.000000000000000000e+00
1.000000000000000000e+00
3.333333333333333148e-01
9.056603773584905870e-01
0.000000000000000000e+00
1.000000000000000000e+00
0.000000000000000000e+00
9.250000000000000444e-01
2.972972972972973138e-01
1.000000000000000000e+00
3.061224489795918435e-01
9.090909090909090606e-01
7.641509433962264675e-01
1.000000000000000000e+00
6.400000000000000133e-01
0.000000000000000000e+00
9.275362318840579823e-01
5.636363636363636020e-01
9.590163934426229053e-01
0.000000000000000000e+00
0.000000000000000000e+00
0.000000000000000000e+00
0.000000000000000000e+00
0.000000000000000000e+00
0.000000000000000000e+00
2.205882352941176405e-01
0.000000000000000000e+00
7.735849056603774088e-01
0.000000000000000000e+00
0.000000000000000000e+00
0.000000000000000000e+00
0.000000000000000000e+00
0.000000000000000000e+00
0.000000000000000000e+00
9.387755102040816757e-01
0.000000000000000000e+00
3.809523809523809312e-01
6.382978723404254817e-02
0.000000000000000000e+00
0.000000000000000000e+00
0.000000000000000000e+00
2.409638554216867595e-02
4.347826086956521618e-02
0.000000000000000000e+00
9.423076923076922906e-01
9.347826086956522174e-01
9.393939393939394478e-01
0.000000000000000000e+00
9.499999999999999556e-01
1.851851851851851749e-01
0.000000000000000000e+00
8.524590163934425702e-01
0.000000000000000000e+00
3.877551020408163129e-01
3.061224489795918435e-01
0.000000000000000000e+00
0.000000000000000000e+00
1.000000000000000000e+00
3.823529411764705621e-01
4.000000000000000222e-01
0.000000000000000000e+00
1.000000000000000000e+00
5.882352941176470507e-02
8.863636363636363535e-01
4.576271186440677985e-01
0.000000000000000000e+00
0.000000000000000000e+00
3.191489361702127825e-01
9.607843137254902244e-01
0.000000000000000000e+00
0.000000000000000000e+00
0.000000000000000000e+00
9.218750000000000000e-01
5.999999999999999778e-02
0.000000000000000000e+00
9.565217391304348116e-01
0.000000000000000000e+00
0.000000000000000000e+00
0.000000000000000000e+00
6.923076923076922906e-01
0.000000000000000000e+00
9.302325581395348708e-01
1.956521739130434867e-01
0.000000000000000000e+00
0.000000000000000000e+00
0.000000000000000000e+00
0.000000000000000000e+00
8.490566037735849392e-01
9.615384615384615641e-01
5.042016806722689204e-02
9.583333333333333703e-01
8.536585365853658347e-01
9.295774647887323772e-01
9.382716049382715529e-01
4.210526315789473450e-01
1.000000000000000000e+00
2.954545454545454697e-01
5.357142857142856845e-02
4.117647058823529216e-01
1.000000000000000000e+00
1.000000000000000000e+00
1.000000000000000000e+00
4.651162790697674354e-02
3.333333333333333148e-01
3.555555555555555691e-01
0.000000000000000000e+00
1.111111111111111049e-01
0.000000000000000000e+00
0.000000000000000000e+00
9.493670886075948889e-01
1.310344827586207017e-01
1.000000000000000000e+00
0.000000000000000000e+00
9.038461538461538547e-01
1.481481481481481399e-01
2.343750000000000000e-01
0.000000000000000000e+00
1.000000000000000000e+00
0.000000000000000000e+00
3.636363636363636465e-01
5.142857142857142350e-01
7.142857142857143016e-01
1.229508196721311453e-01
0.000000000000000000e+00
6.274509803921568540e-01
9.117647058823529216e-01
0.000000000000000000e+00
1.000000000000000000e+00
7.142857142857142461e-02
9.555555555555556024e-01
3.125000000000000000e-02
9.342105263157894912e-01
4.807692307692307820e-01
9.347826086956522174e-01
9.499999999999999556e-01
1.000000000000000000e+00
0.000000000000000000e+00
9.456521739130434590e-01
0.000000000000000000e+00
1.000000000000000000e+00
0.000000000000000000e+00
9.399999999999999467e-01
0.000000000000000000e+00
9.642857142857143016e-01
8.450704225352112520e-02
9.218750000000000000e-01
9.024390243902439268e-01
0.000000000000000000e+00
0.000000000000000000e+00
5.000000000000000278e-02
9.399999999999999467e-01
4.878048780487805047e-02
8.270676691729322849e-02
3.269230769230769273e-01
0.000000000000000000e+00
1.458333333333333426e-01
0.000000000000000000e+00
3.750000000000000000e-01
6.666666666666666574e-02
0.000000000000000000e+00
0.000000000000000000e+00
9.438202247191010974e-01
2.054794520547945091e-01
0.000000000000000000e+00
3.829787234042553168e-01
9.285714285714286031e-01
9.583333333333333703e-01
3.731343283582089776e-01
6.666666666666666297e-01
9.591836734693877098e-01
5.476190476190476719e-01
6.086956521739130821e-01
0.000000000000000000e+00
0.000000000000000000e+00
0.000000000000000000e+00
9.019607843137255054e-01
9.259259259259259300e-01
1.000000000000000000e+00
3.684210526315789269e-01
0.000000000000000000e+00
0.000000000000000000e+00
2.058823529411764608e-01
9.193548387096773800e-01
9.302325581395348708e-01
9.718309859154929953e-01
3.636363636363636465e-01
0.000000000000000000e+00
6.500000000000000222e-01
0.000000000000000000e+00
7.045454545454545858e-01
4.918032786885245811e-02
0.000000000000000000e+00
6.071428571428570953e-01
1.282051282051281937e-01
9.795918367346938549e-01
8.648648648648649129e-01
6.486486486486486847e-01
0.000000000000000000e+00
0.000000000000000000e+00
0.000000000000000000e+00
0.000000000000000000e+00
0.000000000000000000e+00
9.333333333333333481e-01
9.444444444444444198e-01
0.000000000000000000e+00
6.122448979591836593e-02
1.000000000000000000e+00
0.000000000000000000e+00
0.000000000000000000e+00
0.000000000000000000e+00
1.971830985915492829e-01
4.477611940298507620e-01
0.000000000000000000e+00
0.000000000000000000e+00
5.660377358490566169e-02
0.000000000000000000e+00
5.396825396825396526e-01
9.268292682926829729e-01
3.529411764705882582e-01
6.212121212121212155e-01
5.357142857142856845e-02
1.000000000000000000e+00
0.000000000000000000e+00
9.347826086956522174e-01
9.450549450549450281e-01
3.636363636363636465e-01
2.343750000000000000e-01
6.122448979591836593e-02
2.830188679245282946e-01
1.000000000000000000e+00
0.000000000000000000e+00
9.534883720930232842e-01
1.749999999999999889e-01
2.173913043478260809e-01
0.000000000000000000e+00
0.000000000000000000e+00
0.000000000000000000e+00
0.000000000000000000e+00
0.000000000000000000e+00
0.000000000000000000e+00
9.302325581395348708e-01
1.000000000000000056e-01
1.639344262295082053e-02
0.000000000000000000e+00
9.583333333333333703e-01
0.000000000000000000e+00
7.500000000000000000e-01
4.883720930232557933e-01
1.000000000000000000e+00
8.913043478260869179e-01
6.250000000000000000e-02
4.489795918367346927e-01
2.173913043478260809e-01
0.000000000000000000e+00
9.423076923076922906e-01
0.000000000000000000e+00
5.909090909090909394e-01
0.000000000000000000e+00
9.444444444444444198e-01
3.555555555555555691e-01
8.870967741935483764e-01
0.000000000000000000e+00
1.142857142857142821e-01
9.375000000000000000e-01
7.199999999999999734e-01
2.857142857142856984e-01
0.000000000000000000e+00
1.000000000000000000e+00
0.000000000000000000e+00
0.000000000000000000e+00
9.487179487179486781e-01
0.000000000000000000e+00
0.000000000000000000e+00
5.744680851063830307e-01
0.000000000000000000e+00
8.958333333333333703e-01
9.318181818181817677e-01
0.000000000000000000e+00
1.000000000000000000e+00
4.838709677419354704e-02
0.000000000000000000e+00
6.800000000000000488e-01
1.162790697674418589e-01
5.000000000000000000e-01
9.193548387096773800e-01
2.000000000000000111e-01
9.433962264150943522e-01
0.000000000000000000e+00
0.000000000000000000e+00
6.666666666666666574e-02
9.534883720930232842e-01
0.000000000000000000e+00
0.000000000000000000e+00
5.769230769230769551e-02
1.000000000000000000e+00
0.000000000000000000e+00
9.200000000000000400e-01
0.000000000000000000e+00
6.212121212121212155e-01
1.000000000000000000e+00
8.636363636363636465e-01
0.000000000000000000e+00
0.000000000000000000e+00
1.000000000000000000e+00
8.490566037735849392e-01
0.000000000000000000e+00
9.390243902439023849e-01
1.764705882352941291e-01
0.000000000000000000e+00
0.000000000000000000e+00
9.615384615384615641e-01
9.210526315789473450e-01
6.666666666666666297e-01
0.000000000000000000e+00
0.000000000000000000e+00
9.607843137254902244e-01
9.230769230769231282e-02
0.000000000000000000e+00
0.000000000000000000e+00
0.000000000000000000e+00
9.649122807017543879e-01
5.625000000000000000e-01
0.000000000000000000e+00
1.000000000000000000e+00
6.122448979591836593e-02
0.000000000000000000e+00
0.000000000000000000e+00
9.107142857142856984e-01
9.565217391304348116e-01
9.534883720930232842e-01
9.253731343283582156e-01
0.000000000000000000e+00
5.675675675675675436e-01
6.326530612244898322e-01
9.019607843137255054e-01
0.000000000000000000e+00
5.660377358490566169e-02
9.166666666666666297e-01
1.000000000000000000e+00
6.250000000000000000e-02
0.000000000000000000e+00
0.000000000000000000e+00
0.000000000000000000e+00
3.076923076923077094e-01
9.253731343283582156e-01
0.000000000000000000e+00
9.230769230769231282e-01
0.000000000000000000e+00
0.000000000000000000e+00
0.000000000000000000e+00
0.000000000000000000e+00
1.315789473684210453e-01
0.000000000000000000e+00
0.000000000000000000e+00
0.000000000000000000e+00
0.000000000000000000e+00
0.000000000000000000e+00
3.902439024390244038e-01
4.249999999999999889e-01
0.000000000000000000e+00
0.000000000000000000e+00
0.000000000000000000e+00
9.574468085106383475e-01
1.320754716981132060e-01
6.896551724137930939e-02
2.946428571428571508e-01
0.000000000000000000e+00
0.000000000000000000e+00
6.976744186046511531e-02
3.333333333333333148e-01
0.000000000000000000e+00
9.661016949152542166e-01
9.523809523809523281e-01
5.102040816326530726e-01
0.000000000000000000e+00
0.000000000000000000e+00
9.473684210526315264e-01
9.444444444444444198e-01
7.317073170731706877e-02
0.000000000000000000e+00
0.000000000000000000e+00
0.000000000000000000e+00
9.310344827586206629e-01
0.000000000000000000e+00
0.000000000000000000e+00
4.687500000000000000e-02
1.428571428571428492e-01
9.411764705882352811e-01
0.000000000000000000e+00
5.089285714285713969e-01
2.222222222222222099e-01
0.000000000000000000e+00
0.000000000000000000e+00
3.913043478260869734e-01
9.583333333333333703e-01
9.411764705882352811e-01
1.000000000000000000e+00
0.000000000000000000e+00
8.837209302325581550e-01
9.599999999999999645e-01
0.000000000000000000e+00
0.000000000000000000e+00
2.999999999999999889e-01
1.000000000000000000e+00
0.000000000000000000e+00
1.000000000000000000e+00
1.555555555555555580e-01
5.999999999999999778e-02
0.000000000000000000e+00
2.678571428571428492e-01
5.897435897435897578e-01
1.000000000000000000e+00
9.019607843137255054e-01
6.976744186046511531e-02
5.081967213114754189e-01
9.468085106382978511e-01
1.000000000000000000e+00
1.698113207547169712e-01
4.000000000000000222e-01
8.571428571428571508e-02
2.448979591836734637e-01
0.000000000000000000e+00
0.000000000000000000e+00
4.054054054054054279e-01
3.676470588235294379e-01
