1.000000000000000000e+00
1.855670103092783574e-01
1.000000000000000000e+00
3.928571428571428492e-01
1.000000000000000000e+00
1.000000000000000000e+00
1.000000000000000000e+00
9.682539682539682557e-01
3.396226415094339424e-01
0.000000000000000000e+00
1.250000000000000000e-01
3.661971830985915610e-01
1.348314606741572996e-01
1.000000000000000000e+00
4.166666666666666435e-02
9.137931034482759118e-01
2.407407407407407274e-01
9.791666666666666297e-01
3.214285714285714524e-01
4.078947368421052544e-01
7.796610169491525744e-01
1.000000000000000000e+00
2.500000000000000000e-01
9.687500000000000000e-01
1.311475409836065642e-01
3.714285714285714413e-01
1.000000000000000000e+00
1.000000000000000000e+00
2.682926829268292845e-01
3.725490196078431460e-01
3.673469387755102233e-01
8.507462686567164312e-01
9.436619718309858795e-01
8.688524590163934080e-01
5.000000000000000000e-01
5.400000000000000355e-01
4.489795918367346927e-01
1.000000000000000000e+00
1.000000000000000000e+00
6.250000000000000000e-02
5.614035087719297934e-01
0.000000000000000000e+00
9.830508474576271638e-01
1.000000000000000000e+00
1.311475409836065642e-01
4.807692307692307820e-01
5.263157894736841813e-01
9.636363636363636243e-01
1.647058823529411742e-01
5.909090909090909394e-01
7.924528301886792914e-01
1.000000000000000000e+00
7.818181818181818565e-01
5.510204081632652517e-01
1.000000000000000000e+00
2.727272727272727071e-01
9.433962264150944077e-02
3.048780487804877981e-01
4.897959183673469274e-01
8.800000000000000044e-01
9.589041095890410427e-01
3.409090909090908839e-01
8.382352941176470784e-01
1.000000000000000000e+00
1.000000000000000000e+00
8.909090909090908728e-01
1.000000000000000000e+00
6.875000000000000000e-01
4.166666666666666852e-01
1.000000000000000000e+00
4.074074074074073848e-01
8.764044943820225031e-01
2.857142857142856984e-01
1.000000000000000000e+00
8.139534883720930258e-01
1.000000000000000000e+00
5.483870967741935054e-01
4.259259259259259300e-01
5.694444444444444198e-01
7.187500000000000000e-01
9.733333333333333837e-01
1.568627450980392135e-01
3.111111111111111160e-01
4.375000000000000000e-01
2.166666666666666741e-01
1.000000000000000000e+00
5.671641791044775838e-01
5.964912280701754055e-01
1.395348837209302306e-01
5.178571428571429047e-01
1.228070175438596423e-01
1.000000000000000000e+00
1.000000000000000000e+00
4.347826086956521618e-01
8.103448275862068506e-01
2.978723404255319007e-01
9.655172413793103869e-01
7.777777777777777901e-01
9.821428571428570953e-01
1.000000000000000000e+00
7.534246575342465890e-01
0.000000000000000000e+00
6.122448979591836871e-01
3.200000000000000067e-01
1.000000000000000000e+00
4.067796610169491789e-01
1.000000000000000000e+00
9.104477611940298143e-01
1.818181818181818232e-01
3.050847457627118842e-01
1.518987341772151944e-01
6.346153846153845812e-01
7.578947368421052877e-01
1.000000000000000000e+00
3.461538461538461453e-01
3.333333333333333148e-01
6.086956521739130821e-01
5.319148936170212671e-01
8.039215686274510109e-01
1.764705882352941291e-01
5.400000000000000355e-01
4.772727272727272929e-01
2.075471698113207641e-01
4.637681159420289911e-01
1.000000000000000000e+00
6.538461538461538547e-01
5.918367346938775420e-01
6.808510638297872175e-01
8.666666666666666963e-01
1.000000000000000000e+00
6.250000000000000000e-01
4.333333333333333481e-01
7.551020408163264808e-01
6.060606060606060774e-01
2.898550724637681264e-01
9.607843137254902244e-01
8.714285714285714413e-01
7.671232876712328341e-01
6.935483870967742437e-01
1.000000000000000000e+00
4.558823529411764608e-01
1.250000000000000000e-01
4.791666666666666852e-01
2.307692307692307820e-01
7.761194029850746468e-01
7.551020408163264808e-01
1.296296296296296224e-01
5.272727272727272263e-01
9.803921568627450844e-02
2.765957446808510745e-01
2.115384615384615363e-01
7.021276595744680993e-01
1.730769230769230727e-01
7.407407407407406996e-02
4.366197183098591283e-01
1.538461538461538547e-01
1.000000000000000000e+00
2.678571428571428492e-01
1.000000000000000000e+00
7.708333333333333703e-01
9.599999999999999645e-01
8.181818181818182323e-01
2.800000000000000266e-01
5.967741935483871218e-01
2.142857142857142738e-01
1.000000000000000000e+00
3.555555555555555691e-01
6.981132075471697673e-01
3.488372093023255904e-01
5.409836065573770947e-01
4.199999999999999845e-01
1.000000000000000000e+00
1.000000000000000000e+00
5.999999999999999778e-01
9.000000000000000222e-01
4.791666666666666852e-01
9.565217391304348116e-01
1.000000000000000000e+00
5.272727272727272263e-01
3.409090909090908839e-01
1.000000000000000000e+00
1.000000000000000000e+00
1.000000000000000000e+00
7.868852459016393297e-01
1.000000000000000000e+00
1.000000000000000000e+00
2.399999999999999911e-01
6.774193548387096309e-01
1.000000000000000000e+00
1.311475409836065642e-01
1.694915254237288130e-02
4.444444444444444198e-01
0.000000000000000000e+00
1.320754716981132060e-01
8.281250000000000000e-01
9.615384615384615918e-02
2.121212121212121271e-01
1.000000000000000000e+00
3.380281690140845008e-01
4.137931034482758563e-01
4.545454545454545303e-01
7.966101694915254106e-01
1.000000000000000000e+00
8.965517241379310498e-01
6.575342465753424293e-01
6.111111111111111605e-01
2.321428571428571508e-01
0.000000000000000000e+00
3.921568627450980338e-02
1.147540983606557402e-01
0.000000000000000000e+00
3.354838709677419595e-01
1.000000000000000000e+00
6.031746031746031411e-01
2.461538461538461675e-01
7.634408602150537515e-01
7.454545454545454808e-01
5.054945054945054750e-01
5.882352941176470784e-01
4.444444444444444198e-01
1.914893617021276584e-01
3.725490196078431460e-01
3.829787234042553168e-01
1.000000000000000056e-01
1.000000000000000000e+00
1.265822784810126667e-01
4.255319148936170248e-01
2.727272727272727071e-01
4.363636363636363424e-01
1.000000000000000000e+00
0.000000000000000000e+00
9.661016949152542166e-01
1.311475409836065642e-01
9.215686274509803377e-01
3.793103448275861878e-01
3.076923076923077094e-01
2.000000000000000111e-01
1.395348837209302306e-01
1.086956521739130405e-01
1.000000000000000000e+00
7.017543859649122417e-01
9.090909090909091161e-02
6.666666666666666297e-01
1.000000000000000000e+00
1.000000000000000000e+00
6.199999999999999956e-01
4.019607843137255054e-01
1.000000000000000000e+00
1.799999999999999933e-01
4.042553191489361430e-01
1.000000000000000000e+00
2.142857142857142738e-01
5.600000000000000533e-01
3.508771929824561209e-02
2.786885245901639108e-01
6.034482758620689502e-01
1.000000000000000000e+00
1.000000000000000000e+00
5.121951219512195230e-01
4.553571428571428492e-01
1.418918918918918859e-01
8.909090909090908728e-01
4.545454545454545303e-01
6.875000000000000000e-01
1.000000000000000000e+00
8.421052631578946901e-01
3.125000000000000000e-01
7.758620689655172376e-01
7.962962962962962798e-01
1.000000000000000000e+00
3.103448275862069061e-01
1.000000000000000000e+00
5.737704918032786594e-01
2.500000000000000000e-01
5.200000000000000178e-01
1.521739130434782705e-01
5.200000000000000178e-01
1.000000000000000000e+00
5.952380952380952328e-01
7.346938775510204467e-01
3.461538461538461453e-01
7.592592592592593004e-01
1.000000000000000000e+00
1.000000000000000000e+00
9.814814814814815103e-01
2.380952380952380820e-01
4.230769230769230727e-01
7.368421052631578538e-01
1.000000000000000000e+00
5.820895522388059851e-01
4.000000000000000222e-01
4.067796610169491789e-01
1.000000000000000000e+00
0.000000000000000000e+00
6.999999999999999556e-01
3.061224489795918435e-01
1.000000000000000000e+00
7.924528301886792914e-01
4.000000000000000222e-01
2.340425531914893664e-01
9.666666666666666741e-01
1.029411764705882304e-01
2.439024390243902385e-01
8.431372549019607865e-01
1.929824561403508665e-01
7.500000000000000000e-01
1.000000000000000000e+00
1.000000000000000000e+00
1.000000000000000000e+00
1.000000000000000000e+00
1.000000000000000000e+00
5.555555555555555247e-02
2.592592592592592449e-01
1.818181818181818094e-02
5.769230769230769551e-02
6.373626373626373187e-01
1.000000000000000000e+00
1.000000000000000000e+00
1.000000000000000000e+00
2.500000000000000000e-01
2.884615384615384359e-01
2.156862745098039325e-01
8.163265306122448328e-02
8.163265306122449161e-01
3.829787234042553168e-01
7.931034482758620996e-01
8.611111111111111605e-01
1.000000000000000000e+00
6.666666666666666574e-02
4.150943396226415283e-01
6.911764705882352811e-01
1.538461538461538547e-01
7.500000000000000000e-01
1.764705882352941291e-01
7.358490566037735325e-01
7.222222222222222099e-01
1.000000000000000000e+00
3.800000000000000044e-01
4.909090909090909061e-01
1.000000000000000000e+00
1.000000000000000000e+00
5.833333333333333703e-01
6.851851851851852304e-01
8.541666666666666297e-01
1.000000000000000000e+00
4.807692307692307820e-01
7.575757575757575690e-01
1.000000000000000000e+00
9.318181818181817677e-01
3.076923076923077094e-01
5.000000000000000000e-01
4.047619047619047672e-01
8.433734939759036653e-01
1.000000000000000000e+00
1.000000000000000000e+00
2.244897959183673464e-01
6.610169491525423879e-01
4.400000000000000022e-01
2.181818181818181712e-01
9.649122807017543879e-01
7.613636363636363535e-01
1.568627450980392135e-01
4.210526315789473450e-01
3.191489361702127825e-01
4.615384615384615641e-01
9.032258064516128782e-01
8.199999999999999512e-01
6.727272727272727293e-01
3.650793650793650591e-01
6.511627906976744651e-01
6.140350877192982670e-01
2.075471698113207641e-01
4.500000000000000111e-01
1.000000000000000000e+00
0.000000000000000000e+00
0.000000000000000000e+00
4.901960784313725283e-01
7.608695652173913526e-01
1.000000000000000000e+00
6.788990825688073771e-01
3.061224489795918435e-01
1.000000000000000000e+00
1.000000000000000000e+00
5.740740740740740700e-01
7.708333333333333703e-01
1.000000000000000000e+00
0.000000000000000000e+00
0.000000000000000000e+00
3.499999999999999778e-01
6.640625000000000000e-01
9.655172413793103869e-01
1.764705882352941291e-01
1.000000000000000000e+00
9.000000000000000222e-01
1.914893617021276584e-01
8.351648351648351953e-01
1.000000000000000000e+00
5.500000000000000444e-01
1.411764705882352922e-01
7.017543859649122417e-02
1.875000000000000000e-01
6.875000000000000000e-01
1.000000000000000000e+00
8.141592920353982743e-01
1.000000000000000000e+00
1.000000000000000000e+00
1.000000000000000000e+00
7.012987012987013102e-01
1.000000000000000000e+00
3.018867924528301772e-01
6.415094339622641195e-01
8.514851485148514643e-01
6.363636363636363535e-01
1.000000000000000000e+00
8.163265306122449161e-01
9.508196721311474864e-01
1.000000000000000000e+00
1.000000000000000000e+00
3.859649122807017330e-01
7.272727272727272374e-02
2.040816326530612290e-01
8.041237113402062153e-01
7.777777777777777901e-01
4.545454545454545303e-01
1.111111111111111049e-01
1.176470588235294101e-01
2.631578947368420907e-01
9.615384615384615918e-02
1.000000000000000000e+00
9.803921568627450567e-01
6.923076923076922906e-01
3.593750000000000000e-01
1.000000000000000000e+00
4.878048780487805047e-02
5.490196078431373028e-01
8.510638297872340496e-01
9.756097560975609539e-01
0.000000000000000000e+00
6.981132075471697673e-01
4.782608695652174058e-01
8.399999999999999689e-01
3.499999999999999778e-01
4.324324324324324564e-01
8.679245283018868218e-01
1.000000000000000000e+00
7.543859649122807154e-01
2.075471698113207641e-01
1.000000000000000000e+00
1.000000000000000000e+00
1.000000000000000000e+00
1.000000000000000000e+00
1.000000000000000000e+00
1.000000000000000000e+00
9.705882352941176405e-01
1.000000000000000000e+00
8.867924528301887044e-01
7.399999999999999911e-01
1.000000000000000000e+00
7.234042553191489811e-01
1.000000000000000000e+00
1.000000000000000000e+00
1.000000000000000000e+00
2.291666666666666574e-01
1.000000000000000000e+00
0.000000000000000000e+00
1.000000000000000000e+00
6.250000000000000000e-01
1.000000000000000000e+00
1.000000000000000000e+00
1.980198019801980291e-01
2.545454545454545192e-01
4.736842105263157632e-01
8.666666666666666963e-01
3.921568627450980338e-02
6.888888888888888840e-01
8.823529411764705621e-01
1.224489795918367319e-01
8.947368421052631637e-01
0.000000000000000000e+00
1.499999999999999944e-01
0.000000000000000000e+00
2.241379310344827624e-01
6.250000000000000000e-01
3.829787234042553168e-01
9.661016949152542166e-01
7.674418604651163101e-01
1.000000000000000000e+00
3.333333333333333148e-01
3.269230769230769273e-01
4.925373134328357994e-01
1.000000000000000000e+00
7.478260869565217517e-01
4.339622641509434109e-01
1.886792452830188815e-01
4.375000000000000000e-01
1.000000000000000000e+00
1.000000000000000000e+00
6.250000000000000000e-01
8.817204301075268758e-01
5.306122448979592177e-01
3.333333333333333148e-01
2.765957446808510745e-01
1.250000000000000000e-01
9.722222222222222099e-01
9.402985074626866169e-01
1.400000000000000133e-01
2.399999999999999911e-01
8.928571428571429047e-01
1.000000000000000000e+00
1.000000000000000000e+00
6.981132075471697673e-01
1.000000000000000000e+00
8.666666666666666963e-01
6.607142857142856984e-01
6.600000000000000311e-01
1.000000000000000000e+00
3.800000000000000044e-01
6.078431372549019107e-01
9.714285714285714191e-01
1.000000000000000000e+00
6.666666666666666297e-01
1.000000000000000000e+00
5.468750000000000000e-01
9.193548387096773800e-01
9.772727272727272929e-01
2.604166666666666852e-01
1.000000000000000000e+00
1.000000000000000000e+00
4.583333333333333148e-01
3.076923076923077094e-01
9.545454545454545858e-01
4.897959183673469274e-01
3.392857142857143016e-01
2.765957446808510745e-01
7.868852459016393297e-01
2.000000000000000042e-02
5.000000000000000000e-01
1.000000000000000056e-01
1.166666666666666685e-01
8.909090909090908728e-01
1.000000000000000000e+00
9.803921568627450567e-01
2.419354838709677491e-01
3.773584905660377214e-02
0.000000000000000000e+00
6.341463414634146423e-01
1.400000000000000133e-01
9.661016949152542166e-01
1.000000000000000000e+00
3.829787234042553168e-01
5.660377358490566169e-02
8.620689655172414367e-02
3.108108108108108003e-01
1.509433962264150886e-01
6.833333333333333481e-01
1.428571428571428492e-01
2.115384615384615363e-01
1.000000000000000000e+00
0.000000000000000000e+00
8.148148148148147696e-01
0.000000000000000000e+00
1.000000000000000000e+00
5.531914893617021489e-01
7.936507936507936067e-02
8.863636363636363535e-01
1.475409836065573743e-01
8.490566037735849392e-01
4.426229508196721230e-01
6.148648648648649129e-01
3.281250000000000000e-01
7.159090909090909394e-01
1.612903225806451568e-01
1.000000000000000000e+00
0.000000000000000000e+00
1.000000000000000000e+00
8.173076923076922906e-01
2.500000000000000000e-01
7.547169811320755262e-01
7.962962962962962798e-01
5.999999999999999778e-02
5.781250000000000000e-01
3.555555555555555691e-01
1.739130434782608647e-01
8.378378378378378288e-01
1.739130434782608647e-01
5.172413793103448620e-01
1.000000000000000000e+00
0.000000000000000000e+00
1.000000000000000000e+00
1.000000000000000000e+00
1.000000000000000000e+00
1.000000000000000000e+00
4.807692307692307820e-01
7.218543046357616122e-01
6.734693877551020114e-01
6.458333333333333703e-01
9.090909090909090606e-01
1.000000000000000000e+00
1.000000000000000000e+00
8.800000000000000044e-01
0.000000000000000000e+00
1.408450704225352179e-01
1.000000000000000000e+00
1.000000000000000000e+00
4.464285714285714524e-01
8.199999999999999512e-01
1.000000000000000000e+00
4.406779661016949068e-01
1.000000000000000000e+00
1.071428571428571369e-01
1.000000000000000000e+00
1.000000000000000000e+00
0.000000000000000000e+00
0.000000000000000000e+00
0.000000000000000000e+00
3.563218390804597790e-01
1.000000000000000000e+00
4.029850746268656692e-01
1.000000000000000000e+00
1.000000000000000000e+00
8.985507246376811530e-01
8.356164383561643927e-01
8.490566037735849392e-01
1.000000000000000000e+00
4.117647058823529216e-01
2.592592592592592449e-01
9.538461538461538991e-01
1.000000000000000000e+00
1.274509803921568540e-01
5.454545454545454142e-01
1.000000000000000000e+00
6.666666666666666297e-01
3.148148148148148251e-01
6.212121212121212155e-01
4.000000000000000222e-01
1.000000000000000000e+00
7.192982456140351033e-01
2.666666666666666630e-01
1.000000000000000000e+00
4.545454545454545303e-01
1.532258064516129059e-01
4.385964912280701511e-01
3.934426229508196649e-01
0.000000000000000000e+00
2.166666666666666741e-01
5.000000000000000000e-01
3.846153846153846367e-02
9.210526315789473173e-02
1.612903225806451568e-01
1.311475409836065642e-01
1.000000000000000000e+00
1.400000000000000133e-01
3.392857142857143016e-01
3.617021276595744905e-01
2.653061224489796088e-01
0.000000000000000000e+00
8.939393939393939226e-01
8.113207547169811740e-01
9.615384615384615641e-01
1.000000000000000000e+00
1.000000000000000000e+00
1.000000000000000000e+00
1.000000000000000000e+00
7.884615384615384359e-01
1.000000000000000000e+00
9.189189189189189699e-01
0.000000000000000000e+00
0.000000000000000000e+00
6.400000000000000133e-01
7.428571428571428825e-01
1.636363636363636354e-01
5.098039215686274161e-01
2.068965517241379282e-01
2.040816326530612290e-01
6.296296296296296502e-01
7.346938775510204467e-01
1.000000000000000000e+00
9.180327868852459217e-01
8.363636363636363091e-01
1.379310344827586188e-01
5.555555555555555802e-01
2.075471698113207641e-01
5.079365079365079083e-01
9.056603773584905870e-01
2.000000000000000042e-02
4.400000000000000022e-01
8.793103448275861878e-01
6.792452830188678847e-01
1.000000000000000000e+00
1.000000000000000000e+00
5.223880597014924909e-01
1.000000000000000000e+00
1.000000000000000000e+00
5.384615384615384359e-01
7.272727272727272374e-02
1.000000000000000000e+00
4.666666666666666741e-01
5.789473684210526550e-01
5.490196078431373028e-01
5.799999999999999600e-01
2.500000000000000000e-01
7.399999999999999911e-01
2.456140350877192846e-01
4.545454545454545303e-01
1.000000000000000000e+00
7.118644067796610075e-01
8.499999999999999778e-01
9.512195121951219079e-01
6.250000000000000000e-01
1.000000000000000000e+00
8.933333333333333126e-01
5.529411764705882693e-01
8.387096774193548709e-01
2.075471698113207641e-01
0.000000000000000000e+00
5.606060606060605522e-01
1.000000000000000000e+00
1.600000000000000033e-01
1.000000000000000000e+00
1.000000000000000000e+00
8.979591836734693855e-01
9.882352941176471006e-01
1.000000000000000000e+00
9.347826086956522174e-01
1.000000000000000000e+00
8.800000000000000044e-01
3.174603174603174427e-01
7.586206896551723755e-01
9.144736842105263275e-01
7.254901960784313486e-01
5.000000000000000000e-01
1.000000000000000000e+00
8.620689655172413257e-01
3.733333333333333504e-01
6.515151515151514916e-01
1.000000000000000000e+00
9.799999999999999822e-01
2.352941176470588203e-01
7.272727272727272929e-01
1.000000000000000000e+00
5.275590551181101873e-01
9.387755102040816757e-01
4.827586206896551935e-01
0.000000000000000000e+00
0.000000000000000000e+00
1.000000000000000000e+00
9.215686274509803377e-01
9.574468085106383475e-01
1.000000000000000000e+00
1.000000000000000000e+00
1.272727272727272596e-01
2.156862745098039325e-01
5.476190476190476719e-01
3.333333333333333148e-01
2.156862745098039325e-01
1.000000000000000000e+00
7.592592592592593004e-01
2.222222222222222099e-01
6.862745098039215730e-01
7.843137254901960675e-02
3.666666666666666408e-01
2.982456140350877027e-01
1.000000000000000000e+00
7.945205479452054353e-01
3.584905660377358250e-01
1.000000000000000000e+00
6.857142857142857206e-01
4.117647058823529216e-01
1.000000000000000000e+00
1.000000000000000056e-01
3.508771929824561209e-02
3.928571428571428492e-01
4.444444444444444198e-01
6.315789473684210176e-01
1.000000000000000000e+00
1.000000000000000000e+00
1.000000000000000000e+00
1.000000000000000000e+00
1.000000000000000000e+00
1.000000000000000000e+00
1.000000000000000000e+00
7.450980392156862919e-01
1.000000000000000000e+00
6.153846153846154188e-01
6.567164179104477695e-01
7.090909090909091050e-01
9.615384615384615918e-02
1.000000000000000000e+00
7.692307692307692735e-01
7.636363636363636687e-01
1.000000000000000000e+00
1.000000000000000000e+00
1.000000000000000000e+00
8.103448275862068506e-01
4.642857142857143016e-01
4.761904761904761640e-02
6.428571428571429047e-01
3.720930232558139483e-01
7.260273972602739878e-01
3.333333333333333148e-01
1.489361702127659504e-01
1.000000000000000000e+00
1.951219512195122019e-01
1.000000000000000000e+00
1.846153846153846256e-01
7.755102040816326259e-01
8.545454545454544970e-01
2.999999999999999889e-01
7.543859649122807154e-01
1.940298507462686617e-01
3.414634146341463672e-01
1.000000000000000000e+00
6.136363636363636465e-01
0.000000000000000000e+00
3.239436619718309984e-01
7.941176470588234837e-01
1.000000000000000000e+00
6.964285714285713969e-01
6.176470588235294379e-01
1.000000000000000000e+00
9.482758620689655249e-01
5.625000000000000000e-01
5.384615384615384359e-01
1.000000000000000000e+00
5.781250000000000000e-01
2.307692307692307820e-01
8.245614035087719396e-01
1.000000000000000000e+00
1.000000000000000000e+00
1.304347826086956486e-01
8.142857142857142794e-01
9.649122807017543879e-01
6.909090909090909172e-01
1.000000000000000000e+00
8.723404255319149314e-01
2.321428571428571508e-01
1.000000000000000000e+00
1.000000000000000000e+00
1.000000000000000000e+00
3.833333333333333592e-01
6.153846153846154188e-01
9.479166666666666297e-01
4.629629629629629650e-01
8.783783783783783994e-01
8.909090909090908728e-01
9.272727272727272485e-01
1.000000000000000000e+00
4.400000000000000022e-01
1.000000000000000000e+00
1.304347826086956486e-01
2.816901408450704289e-02
1.250000000000000000e-01
9.148936170212765839e-01
8.085106382978722861e-01
1.320754716981132060e-01
0.000000000000000000e+00
1.914893617021276584e-01
1.000000000000000000e+00
1.000000000000000000e+00
8.030303030303029832e-01
2.692307692307692180e-01
0.000000000000000000e+00
7.763157894736841813e-01
8.490566037735849392e-01
3.461538461538461453e-01
1.000000000000000000e+00
1.000000000000000000e+00
7.399999999999999911e-01
2.399999999999999911e-01
6.901408450704225039e-01
5.964912280701754055e-01
1.000000000000000000e+00
5.762711864406779849e-01
5.686274509803921351e-01
3.800000000000000044e-01
1.000000000000000000e+00
9.615384615384615918e-02
8.461538461538461453e-01
5.490196078431373028e-01
1.000000000000000000e+00
1.000000000000000000e+00
3.090909090909090828e-01
6.226415094339622369e-01
9.399999999999999467e-01
9.852941176470588758e-01
2.291666666666666574e-01
2.123893805309734484e-01
4.761904761904761640e-01
1.000000000000000000e+00
7.032967032967033516e-01
0.000000000000000000e+00
5.909090909090909394e-01
1.000000000000000000e+00
1.000000000000000000e+00
7.254901960784313486e-01
2.500000000000000000e-01
8.208955223880597396e-01
9.200000000000000400e-01
1.000000000000000000e+00
9.399999999999999467e-01
0.000000000000000000e+00
3.088235294117647189e-01
2.682926829268292845e-01
1.000000000000000000e+00
8.367346938775510612e-01
4.224137931034482873e-01
1.851851851851851749e-01
9.411764705882352811e-01
2.173913043478260809e-01
4.705882352941176405e-01
4.166666666666666852e-01
3.269230769230769273e-01
8.550724637681159646e-01
1.000000000000000000e+00
8.219178082191780366e-01
1.000000000000000000e+00
4.000000000000000222e-01
2.272727272727272652e-01
6.078431372549019107e-01
7.209302325581394832e-01
6.896551724137931494e-01
6.190476190476190688e-01
9.882352941176471006e-01
7.333333333333332815e-01
1.929824561403508665e-01
6.250000000000000000e-02
1.000000000000000000e+00
1.000000000000000000e+00
1.000000000000000000e+00
1.000000000000000000e+00
6.206896551724138122e-01
7.068965517241379004e-01
8.857142857142856762e-01
0.000000000000000000e+00
2.553191489361701927e-01
0.000000000000000000e+00
1.000000000000000000e+00
7.058823529411765163e-01
2.830188679245282946e-01
6.984126984126983739e-01
0.000000000000000000e+00
3.829787234042553168e-01
1.000000000000000000e+00
4.677419354838709409e-01
5.294117647058823595e-01
5.000000000000000000e-01
2.777777777777777901e-01
9.833333333333332815e-01
4.565217391304347561e-01
3.773584905660377631e-01
1.132075471698113234e-01
1.000000000000000000e+00
1.000000000000000000e+00
5.970149253731342753e-01
1.000000000000000000e+00
1.632653061224489666e-01
2.352941176470588203e-01
7.307692307692307265e-01
1.000000000000000000e+00
1.000000000000000000e+00
8.961038961038960693e-01
1.000000000000000000e+00
1.000000000000000000e+00
3.913043478260869734e-01
1.000000000000000000e+00
1.818181818181818232e-01
1.000000000000000000e+00
1.000000000000000000e+00
8.823529411764705621e-01
1.000000000000000000e+00
5.200000000000000178e-01
4.489795918367346927e-01
3.260869565217391353e-01
4.096385542168674565e-01
9.032258064516128782e-01
3.529411764705882582e-01
7.297297297297297147e-01
1.000000000000000000e+00
9.661016949152542166e-01
6.833333333333333481e-01
3.185840707964601726e-01
1.000000000000000000e+00
1.707317073170731836e-01
7.291666666666666297e-01
4.079999999999999738e-01
1.000000000000000000e+00
6.969696969696970168e-01
1.000000000000000000e+00
1.000000000000000000e+00
1.000000000000000000e+00
1.000000000000000000e+00
3.260869565217391353e-01
9.818181818181818121e-01
2.549019607843137081e-01
8.499999999999999778e-01
9.166666666666666297e-01
0.000000000000000000e+00
3.134328358208955390e-01
5.000000000000000000e-01
5.652173913043477826e-01
7.162162162162162282e-01
2.542372881355932090e-01
7.413793103448276245e-01
8.333333333333333703e-01
2.478632478632478708e-01
9.193548387096773800e-01
3.018867924528301772e-01
3.448275862068965469e-02
6.140350877192982670e-01
2.830188679245282946e-01
1.739130434782608647e-01
7.166666666666666741e-01
6.999999999999999556e-01
7.608695652173913526e-01
1.000000000000000000e+00
1.000000000000000000e+00
1.000000000000000000e+00
4.807692307692307820e-01
4.354838709677419373e-01
4.090909090909091161e-01
4.642857142857143016e-01
1.000000000000000000e+00
7.543859649122807154e-01
8.235294117647058432e-01
5.500000000000000444e-01
7.073170731707316694e-01
2.884615384615384359e-01
6.226415094339622369e-01
2.777777777777777901e-01
0.000000000000000000e+00
9.607843137254902244e-01
3.333333333333333148e-01
2.413793103448275967e-01
7.361111111111111605e-01
6.086956521739130821e-01
8.000000000000000444e-01
8.965517241379310498e-01
9.090909090909091161e-02
3.809523809523809312e-01
9.189189189189189699e-01
