8.125000000000000000e-01
9.918699186991869476e-01
8.333333333333333703e-01
8.333333333333333703e-01
7.096774193548387455e-01
5.679012345679012030e-01
5.679012345679012030e-01
6.363636363636363535e-01
3.125000000000000000e-01
7.741935483870967527e-01
9.583333333333333703e-01
4.000000000000000222e-01
1.428571428571428492e-01
6.666666666666666297e-01
7.142857142857143016e-01
9.565217391304348116e-01
5.294117647058823595e-01
5.000000000000000000e-01
7.222222222222222099e-01
5.625000000000000000e-01
9.867256637168141387e-01
8.275862068965517127e-01
7.894736842105263275e-01
8.235294117647058432e-01
6.836734693877550839e-01
6.836734693877550839e-01
5.263157894736841813e-02
5.263157894736841813e-02
7.058823529411765163e-01
2.000000000000000111e-01
8.387096774193548709e-01
9.444444444444444198e-01
2.150537634408602183e-01
2.150537634408602183e-01
2.150537634408602183e-01
1.314741035856573648e-01
9.700598802395209441e-01
4.528301886792452935e-01
4.528301886792452935e-01
4.528301886792452935e-01
5.094339622641509413e-01
5.094339622641509413e-01
1.764705882352941291e-01
0.000000000000000000e+00
3.055555555555555802e-01
0.000000000000000000e+00
1.764705882352941291e-01
1.764705882352941291e-01
1.764705882352941291e-01
1.764705882352941291e-01
8.236111111111110716e-01
8.236111111111110716e-01
8.236111111111110716e-01
8.236111111111110716e-01
8.236111111111110716e-01
9.090909090909090606e-01
9.090909090909090606e-01
9.259259259259259300e-01
7.777777777777777901e-01
7.777777777777777901e-01
7.777777777777777901e-01
7.777777777777777901e-01
5.454545454545454142e-01
7.865168539325843033e-01
3.125000000000000000e-01
5.609756097560976151e-01
3.636363636363636465e-01
3.636363636363636465e-01
3.793103448275861878e-01
3.636363636363636465e-01
3.636363636363636465e-01
9.411764705882352811e-01
9.375000000000000000e-01
9.565217391304348116e-01
6.999999999999999556e-01
7.727272727272727071e-01
4.117647058823529216e-01
8.275862068965517127e-01
2.926829268292682751e-01
0.000000000000000000e+00
3.921568627450980338e-01
9.071856287425149601e-01
9.071856287425149601e-01
1.818181818181818232e-01
4.285714285714285476e-01
4.285714285714285476e-01
4.285714285714285476e-01
4.285714285714285476e-01
4.285714285714285476e-01
8.448275862068965747e-01
8.448275862068965747e-01
8.448275862068965747e-01
9.555555555555556024e-01
9.555555555555556024e-01
9.555555555555556024e-01
9.555555555555556024e-01
9.555555555555556024e-01
9.555555555555556024e-01
9.555555555555556024e-01
8.309859154929577496e-01
5.000000000000000000e-01
2.385321100917431325e-01
2.385321100917431325e-01
2.385321100917431325e-01
6.478873239436619969e-01
5.000000000000000000e-01
1.333333333333333315e-01
8.208955223880597396e-01
7.916666666666666297e-01
9.074074074074074403e-01
9.016393442622950838e-01
6.666666666666666297e-01
9.799999999999999822e-01
6.785714285714286031e-01
6.363636363636363535e-01
3.333333333333333148e-01
9.629629629629629095e-01
9.090909090909090606e-01
1.290322580645161255e-01
9.729729729729730270e-01
9.375000000000000000e-01
1.600000000000000033e-01
9.722222222222222099e-01
8.888888888888888395e-01
4.796747967479674801e-01
5.500000000000000444e-01
8.163265306122448328e-02
4.848484848484848619e-01
9.587628865979381798e-01
9.493670886075948889e-01
4.324324324324324564e-01
4.814814814814814548e-01
3.913043478260869734e-01
4.831460674157303514e-01
4.831460674157303514e-01
9.987129987129986786e-01
9.987129987129986786e-01
9.987129987129986786e-01
9.875000000000000444e-01
9.875000000000000444e-01
9.875000000000000444e-01
9.983416252072968566e-01
9.983416252072968566e-01
9.983416252072968566e-01
9.909090909090909616e-01
9.705215419501134200e-01
9.705215419501134200e-01
9.705215419501134200e-01
9.704433497536946174e-01
9.704433497536946174e-01
9.704433497536946174e-01
6.732026143790850181e-01
6.280487804878048808e-01
6.280487804878048808e-01
6.280487804878048808e-01
8.757575757575757347e-01
8.757575757575757347e-01
8.757575757575757347e-01
5.135135135135134865e-01
5.135135135135134865e-01
5.135135135135134865e-01
5.119047619047618625e-01
5.135135135135134865e-01
9.230769230769231282e-01
7.142857142857143016e-01
9.523809523809523281e-01
9.230769230769231282e-01
9.090909090909090606e-01
6.923076923076922906e-01
6.250000000000000000e-02
7.058823529411765163e-01
6.666666666666666297e-01
8.857938718662952127e-01
8.857938718662952127e-01
9.365079365079365115e-01
9.365079365079365115e-01
3.018867924528301772e-01
3.018867924528301772e-01
3.886010362694300446e-01
3.886010362694300446e-01
6.909722222222222099e-01
9.499999999999999556e-01
9.473684210526315264e-01
9.615384615384615641e-01
9.090909090909090606e-01
2.376237623762376128e-01
6.695652173913043681e-01
9.642857142857143016e-01
9.846153846153846700e-01
9.615384615384615641e-01
7.368421052631578538e-01
7.222222222222222099e-01
8.358208955223880299e-01
8.358208955223880299e-01
8.358208955223880299e-01
7.222222222222222099e-01
5.238095238095238360e-01
6.999999999999999556e-01
3.478260869565217295e-01
5.993788819875776053e-01
5.993788819875776053e-01
5.993788819875776053e-01
9.599999999999999645e-01
2.197802197802197766e-01
2.702702702702702853e-02
9.459459459459459985e-02
6.739130434782608647e-01
6.739130434782608647e-01
8.285714285714286254e-01
8.666666666666666963e-01
9.357142857142857206e-01
8.333333333333333703e-01
8.333333333333333703e-01
6.250000000000000000e-01
6.250000000000000000e-01
9.876543209876542662e-01
9.876543209876542662e-01
4.347826086956521618e-01
4.302325581395348708e-01
3.741007194244604372e-01
3.714285714285714413e-01
8.000000000000000444e-01
8.666666666666666963e-01
8.095238095238095344e-01
1.818181818181818232e-01
2.105263157894736725e-01
9.714285714285714191e-01
9.166666666666666297e-01
9.880952380952381375e-01
5.595854922279792643e-01
5.696202531645570000e-01
5.696202531645570000e-01
9.375000000000000000e-01
6.721311475409835756e-01
8.299999999999999600e-01
9.577464788732393819e-01
8.271604938271605034e-01
9.599999999999999645e-01
8.888888888888888395e-01
8.648648648648649129e-01
8.775510204081632404e-01
5.798319327731092931e-01
9.545454545454545858e-01
9.499999999999999556e-01
9.473684210526315264e-01
9.523809523809523281e-01
9.166666666666666297e-01
8.874734607218683902e-01
8.874734607218683902e-01
9.562500000000000444e-01
3.333333333333333148e-01
8.375000000000000222e-01
7.961165048543689116e-01
7.708333333333333703e-01
8.000000000000000444e-01
9.599999999999999645e-01
9.969788519637462487e-01
9.176470588235293713e-01
8.620689655172413257e-01
4.782608695652174058e-01
8.666666666666666963e-01
6.315789473684210176e-01
9.871794871794872250e-01
8.620689655172413257e-01
7.500000000000000000e-01
8.620689655172413257e-01
7.843137254901960675e-01
9.000000000000000222e-01
6.666666666666666297e-01
7.868852459016393297e-01
6.111111111111111605e-01
1.627906976744186163e-01
9.166666666666666297e-01
6.666666666666666297e-01
9.000000000000000222e-01
9.285714285714286031e-01
5.513126491646778149e-01
5.358024691358024283e-01
9.444444444444444198e-01
5.643564356435643026e-01
6.923076923076922906e-01
5.227272727272727071e-01
6.500000000000000222e-01
9.696969696969697239e-01
9.113924050632911111e-01
9.827586206896551380e-01
9.696969696969697239e-01
8.333333333333333703e-01
9.705882352941176405e-01
9.705882352941176405e-01
9.761904761904761640e-01
9.761904761904761640e-01
9.736842105263158187e-01
8.181818181818182323e-01
8.041237113402062153e-01
4.230769230769230727e-01
6.666666666666666297e-01
9.919999999999999929e-01
9.919354838709677491e-01
9.302325581395348708e-01
9.565217391304348116e-01
8.727272727272726849e-01
7.951807228915662717e-01
6.086956521739130821e-01
1.000000000000000056e-01
9.655172413793103869e-01
9.655172413793103869e-01
9.047619047619047672e-01
9.230769230769231282e-01
5.263157894736841813e-01
5.263157894736841813e-01
5.263157894736841813e-01
5.263157894736841813e-01
9.130434782608695121e-01
9.000000000000000222e-01
9.655172413793103869e-01
1.000000000000000056e-01
4.000000000000000222e-01
5.999999999999999778e-01
5.016949152542372614e-01
9.024390243902439268e-01
4.722222222222222099e-01
9.375000000000000000e-01
6.153846153846154188e-01
9.000000000000000222e-01
5.945945945945946276e-01
8.571428571428570953e-01
4.978165938864628770e-01
8.029556650246305605e-01
8.380281690140845008e-01
5.605858854860186202e-01
0.000000000000000000e+00
5.021306818181817677e-01
4.119601328903654269e-01
4.099999999999999756e-01
4.119601328903654269e-01
9.940476190476190688e-01
9.964028776978417490e-01
9.722222222222222099e-01
9.722222222222222099e-01
9.964157706093189626e-01
5.454545454545454142e-01
5.454545454545454142e-01
9.599999999999999645e-01
6.315789473684210176e-01
8.360655737704918433e-01
9.473684210526315264e-01
7.235772357723577741e-01
9.375000000000000000e-01
3.679245283018867663e-01
3.679245283018867663e-01
9.285714285714286031e-01
6.129032258064516236e-01
6.999999999999999556e-01
6.363636363636363535e-01
9.333333333333333481e-01
9.375000000000000000e-01
8.125000000000000000e-01
7.333333333333332815e-01
5.714285714285713969e-01
9.230769230769231282e-01
4.500000000000000111e-01
4.500000000000000111e-01
7.931034482758620996e-01
2.857142857142856984e-01
1.000000000000000056e-01
6.500000000000000222e-01
9.555555555555556024e-01
9.000000000000000222e-01
8.734177215189873333e-01
4.285714285714285476e-01
6.500000000000000222e-01
9.555555555555556024e-01
9.047619047619047672e-01
3.823529411764705621e-01
6.880341880341880323e-01
3.333333333333333148e-01
8.717948717948718063e-01
7.897727272727272929e-01
7.943262411347518093e-01
7.897727272727272929e-01
7.500000000000000000e-01
