8.181818181818182323e-01
4.432989690721649279e-01
5.781250000000000000e-01
8.928571428571428770e-02
2.048192771084337283e-01
1.686746987951807109e-01
3.137254901960784270e-01
4.920634920634920362e-01
1.018867924528301883e+00
1.702127659574468044e-01
1.020833333333333259e+00
6.197183098591548811e-01
3.707865168539326017e-01
2.941176470588235392e-01
2.708333333333333148e-01
2.758620689655172376e-01
7.407407407407406996e-01
2.708333333333333148e-01
5.535714285714286031e-01
2.368421052631578816e-01
7.966101694915254106e-01
9.433962264150944077e-02
1.346153846153846090e-01
5.312500000000000000e-01
1.016393442622950838e+00
5.285714285714285809e-01
2.222222222222222099e-01
8.928571428571429047e-01
5.121951219512195230e-01
9.215686274509803377e-01
9.591836734693877098e-01
4.328358208955223607e-01
3.239436619718309984e-01
6.721311475409835756e-01
1.739130434782608647e-01
1.020000000000000018e+00
1.020408163265306145e+00
1.929824561403508665e-01
3.921568627450980338e-01
1.041666666666666713e-01
3.157894736842105088e-01
2.380952380952380820e-01
6.949152542372881713e-01
8.469387755102041337e-01
9.836065573770491621e-01
4.807692307692307820e-01
5.964912280701754055e-01
5.636363636363636020e-01
4.117647058823529216e-01
4.318181818181818232e-01
3.773584905660377631e-01
2.325581395348837177e-01
1.018181818181818077e+00
5.306122448979592177e-01
3.636363636363636465e-01
5.303030303030302761e-01
3.396226415094339424e-01
2.804878048780488076e-01
2.244897959183673464e-01
3.800000000000000044e-01
5.068493150684931781e-01
2.954545454545454697e-01
1.014705882352941124e+00
2.195121951219512202e-01
2.790697674418604612e-01
5.272727272727272263e-01
3.846153846153846367e-01
5.416666666666666297e-01
5.357142857142856984e-01
4.406779661016949068e-01
9.629629629629629095e-01
4.606741573033708015e-01
5.178571428571429047e-01
2.372881355932203451e-01
5.813953488372093359e-01
3.571428571428571508e-01
2.096774193548387177e-01
1.018518518518518601e+00
7.361111111111111605e-01
4.895833333333333148e-01
2.399999999999999911e-01
6.470588235294117974e-01
4.444444444444444614e-02
6.875000000000000000e-01
1.000000000000000000e+00
2.903225806451613100e-01
7.462686567164179552e-01
2.807017543859648967e-01
3.488372093023255904e-01
3.035714285714285476e-01
4.210526315789473450e-01
2.909090909090908950e-01
4.318181818181818232e-01
2.898550724637681264e-01
5.344827586206896131e-01
4.255319148936170248e-01
4.137931034482758563e-01
2.222222222222222099e-01
2.857142857142856984e-01
1.018867924528301883e+00
5.342465753424657793e-01
3.750000000000000000e-01
1.836734693877551117e-01
1.020000000000000018e+00
4.166666666666666852e-01
3.898305084745762872e-01
4.313725490196078649e-01
4.925373134328357994e-01
2.575757575757575690e-01
1.016949152542372836e+00
3.670886075949367222e-01
4.903846153846153633e-01
1.263157894736842146e-01
3.220338983050847204e-01
3.269230769230769273e-01
1.023809523809523725e+00
3.478260869565217295e-01
4.468085106382978511e-01
5.490196078431373028e-01
4.264705882352941013e-01
5.000000000000000000e-01
5.227272727272727071e-01
1.018867924528301883e+00
1.014492753623188470e+00
4.716981132075471761e-01
2.115384615384615363e-01
1.020408163265306145e+00
5.106382978723403854e-01
4.222222222222222210e-01
8.043478260869565410e-01
5.535714285714286031e-01
1.499999999999999944e-01
3.265306122448979331e-01
3.636363636363636465e-01
1.014492753623188470e+00
2.549019607843137081e-01
3.714285714285714413e-01
1.369863013698630061e-01
6.129032258064516236e-01
4.489795918367346927e-01
3.382352941176470784e-01
1.020833333333333259e+00
2.291666666666666574e-01
9.615384615384615918e-02
7.462686567164179552e-01
9.795918367346938549e-01
1.296296296296296224e-01
3.636363636363636465e-01
2.156862745098039325e-01
4.255319148936170248e-01
4.230769230769230727e-01
3.617021276595744905e-01
4.423076923076922906e-01
5.185185185185184897e-01
6.338028169014084945e-01
5.576923076923077094e-01
4.893617021276595591e-01
8.928571428571429047e-01
6.206896551724138122e-01
3.333333333333333148e-01
3.400000000000000244e-01
3.636363636363636187e-02
1.000000000000000056e-01
1.016129032258064502e+00
5.178571428571429047e-01
9.135802469135801962e-01
1.022222222222222143e+00
4.716981132075471761e-01
2.325581395348837177e-01
2.131147540983606425e-01
6.199999999999999956e-01
1.489361702127659504e-01
1.013513513513513598e+00
1.692307692307692402e-01
9.799999999999999822e-01
4.166666666666666852e-01
1.086956521739130405e-01
1.956521739130434867e-01
5.090909090909090384e-01
1.818181818181818232e-01
1.014925373134328401e+00
4.897959183673469274e-01
6.923076923076922906e-01
1.803278688524590223e-01
1.019230769230769162e+00
5.952380952380952328e-01
2.999999999999999889e-01
3.870967741935483764e-01
1.019607843137254832e+00
3.442622950819672067e-01
3.559322033898305038e-01
2.469135802469135665e-01
6.666666666666666297e-01
1.886792452830188815e-01
7.031250000000000000e-01
5.769230769230768718e-01
1.015151515151515138e+00
2.830188679245282946e-01
9.577464788732393819e-01
3.448275862068965747e-01
4.727272727272727182e-01
4.067796610169491789e-01
9.302325581395348708e-02
1.017241379310344751e+00
4.109589041095890183e-01
1.018518518518518601e+00
5.178571428571429047e-01
7.407407407407406996e-01
2.156862745098039325e-01
5.409836065573770947e-01
5.423728813559322015e-01
4.580645161290322620e-01
5.098039215686274161e-01
2.063492063492063378e-01
4.615384615384615641e-01
4.623655913978494403e-01
4.727272727272727182e-01
8.461538461538461453e-01
3.529411764705882582e-01
3.333333333333333148e-01
9.361702127659574657e-01
1.960784313725490169e-01
5.106382978723403854e-01
4.799999999999999822e-01
4.210526315789473450e-01
3.037974683544303889e-01
8.936170212765957022e-01
8.000000000000000444e-01
2.000000000000000111e-01
1.000000000000000000e+00
5.535714285714286031e-01
2.542372881355932090e-01
4.754098360655737432e-01
4.509803921568627527e-01
6.034482758620689502e-01
4.230769230769230727e-01
7.600000000000000089e-01
1.023255813953488413e+00
5.000000000000000000e-01
4.651162790697674354e-01
1.017543859649122862e+00
1.636363636363636354e-01
3.333333333333333148e-01
4.464285714285714524e-01
4.799999999999999822e-01
9.200000000000000400e-01
8.431372549019607865e-01
1.016949152542372947e-01
2.399999999999999911e-01
9.787234042553191182e-01
3.773584905660377631e-01
4.464285714285714524e-01
5.799999999999999600e-01
7.017543859649122417e-02
8.360655737704918433e-01
5.172413793103448620e-01
1.017543859649122862e+00
1.015384615384615330e+00
3.658536585365853577e-01
4.732142857142856984e-01
4.256756756756756577e-01
4.181818181818181546e-01
2.181818181818181712e-01
4.375000000000000000e-01
5.882352941176470784e-01
6.491228070175438791e-01
2.083333333333333426e-01
6.206896551724138122e-01
5.925925925925925597e-01
4.814814814814814548e-01
1.017241379310344751e+00
5.438596491228070429e-01
3.606557377049180446e-01
3.214285714285714524e-01
4.199999999999999845e-01
3.913043478260869734e-01
4.600000000000000200e-01
3.389830508474576121e-01
2.857142857142856984e-01
5.306122448979592177e-01
5.000000000000000000e-01
2.407407407407407274e-01
1.021276595744680771e+00
4.606741573033708015e-01
5.370370370370370905e-01
2.063492063492063378e-01
6.538461538461538547e-01
2.631578947368420907e-01
4.000000000000000222e-01
4.477611940298507620e-01
3.599999999999999867e-01
2.711864406779661008e-01
3.653846153846153633e-01
5.762711864406779849e-01
3.400000000000000244e-01
3.061224489795918435e-01
2.641509433962264120e-01
6.792452830188678847e-01
4.600000000000000200e-01
1.010638297872340496e+00
4.833333333333333370e-01
1.029411764705882304e-01
5.121951219512195230e-01
2.745098039215686514e-01
1.578947368421052544e-01
1.017857142857142794e+00
2.935779816513761631e-01
7.073170731707316694e-01
2.698412698412698263e-01
3.833333333333333592e-01
1.020000000000000018e+00
1.018518518518518601e+00
3.888888888888888951e-01
2.000000000000000111e-01
6.346153846153845812e-01
1.538461538461538547e-01
2.033898305084745894e-01
4.285714285714285476e-01
1.024390243902439046e+00
1.020833333333333259e+00
5.769230769230768718e-01
7.254901960784313486e-01
5.714285714285713969e-01
1.020408163265306145e+00
3.617021276595744905e-01
5.000000000000000000e-01
8.750000000000000000e-01
3.606557377049180446e-01
4.444444444444444198e-01
8.113207547169811740e-01
4.558823529411764608e-01
1.015384615384615330e+00
7.857142857142856984e-01
5.686274509803921351e-01
1.018867924528301883e+00
2.962962962962962798e-01
3.818181818181818343e-01
3.599999999999999867e-01
2.727272727272727071e-01
4.795918367346938549e-01
2.807017543859648967e-01
3.750000000000000000e-01
6.111111111111111605e-01
3.333333333333333148e-01
5.483870967741935054e-01
2.115384615384615363e-01
2.575757575757575690e-01
6.250000000000000000e-01
5.681818181818182323e-01
4.615384615384615641e-01
5.208333333333333703e-01
9.523809523809523281e-02
4.578313253012047945e-01
5.535714285714286031e-01
4.657534246575342207e-01
8.163265306122448328e-02
5.254237288135593653e-01
2.000000000000000111e-01
0.000000000000000000e+00
2.982456140350877027e-01
9.204545454545454142e-01
6.666666666666666297e-01
4.035087719298245390e-01
4.468085106382978511e-01
3.653846153846153633e-01
1.016129032258064502e+00
4.799999999999999822e-01
1.018181818181818077e+00
3.492063492063491870e-01
5.116279069767442067e-01
1.017543859649122862e+00
3.773584905660377631e-01
3.333333333333333148e-01
3.793103448275861878e-01
4.509803921568627527e-01
6.885245901639344135e-01
7.843137254901960675e-02
1.021739130434782705e+00
2.692307692307692180e-01
8.990825688073394995e-01
6.326530612244898322e-01
3.947368421052631637e-01
1.011494252873563315e+00
1.666666666666666574e-01
1.020833333333333259e+00
5.892857142857143016e-01
2.448979591836734637e-01
1.019230769230769162e+00
2.800000000000000266e-01
5.625000000000000000e-01
8.103448275862068506e-01
1.372549019607843257e-01
1.018867924528301883e+00
2.999999999999999889e-01
4.464285714285714524e-01
4.680851063829787329e-01
4.175824175824175977e-01
4.153846153846154077e-01
1.499999999999999944e-01
4.588235294117646856e-01
7.017543859649122417e-01
6.666666666666666297e-01
2.708333333333333148e-01
3.469387755102040782e-01
7.079646017699114946e-01
3.095238095238095344e-01
2.399999999999999911e-01
2.000000000000000111e-01
5.324675324675324228e-01
4.117647058823529216e-01
1.018867924528301883e+00
4.150943396226415283e-01
2.376237623762376128e-01
2.909090909090908950e-01
8.474576271186440302e-01
5.102040816326530726e-01
3.770491803278688270e-01
6.521739130434782705e-01
5.208333333333333703e-01
3.333333333333333148e-01
4.545454545454545303e-01
5.510204081632652517e-01
5.876288659793814650e-01
5.138888888888888395e-01
3.454545454545454586e-01
6.518518518518519045e-01
3.137254901960784270e-01
3.684210526315789269e-01
6.153846153846154188e-01
6.078431372549019107e-01
3.725490196078431460e-01
5.769230769230768718e-01
7.343750000000000000e-01
1.702127659574468044e-01
4.390243902439024404e-01
4.117647058823529216e-01
3.829787234042553168e-01
8.170731707317072656e-01
4.210526315789473450e-01
2.452830188679245293e-01
1.521739130434782705e-01
6.600000000000000311e-01
5.250000000000000222e-01
3.648648648648648574e-01
3.679245283018867663e-01
6.078431372549019107e-01
1.017543859649122862e+00
3.773584905660377631e-01
4.255319148936170248e-01
2.954545454545454697e-01
1.020833333333333259e+00
1.016129032258064502e+00
8.163265306122448328e-02
1.935483870967741882e-01
1.016949152542372836e+00
5.999999999999999778e-01
1.666666666666666574e-01
3.272727272727272707e-01
7.358490566037735325e-01
3.599999999999999867e-01
1.015625000000000000e+00
2.340425531914893664e-01
4.107142857142856984e-01
6.041666666666666297e-01
2.268041237113402053e-01
3.958333333333333148e-01
7.166666666666666741e-01
9.193548387096773800e-01
4.189189189189189144e-01
8.333333333333333703e-01
3.676470588235294379e-01
7.058823529411765163e-01
3.663366336633663289e-01
6.181818181818181657e-01
3.552631578947368363e-01
4.500000000000000111e-01
8.431372549019607865e-01
3.555555555555555691e-01
4.705882352941176405e-01
2.448979591836734637e-01
4.736842105263157632e-01
2.978723404255319007e-01
7.166666666666666741e-01
1.018867924528301883e+00
1.896551724137930939e-01
9.375000000000000000e-01
6.170212765957446832e-01
3.220338983050847204e-01
1.023255813953488413e+00
9.473684210526315264e-01
1.015873015873015817e+00
7.500000000000000000e-01
4.179104477611940149e-01
2.244897959183673464e-01
3.043478260869565410e-01
1.018867924528301883e+00
1.018867924528301883e+00
5.312500000000000000e-01
5.833333333333333703e-01
1.019230769230769162e+00
5.535714285714286031e-01
3.655913978494623739e-01
3.469387755102040782e-01
8.333333333333333703e-01
5.531914893617021489e-01
3.958333333333333148e-01
1.013888888888888840e+00
2.537313432835821003e-01
6.800000000000000488e-01
5.600000000000000533e-01
2.500000000000000000e-01
3.333333333333333148e-01
2.777777777777777901e-01
3.207547169811320598e-01
1.013888888888888840e+00
3.555555555555555691e-01
6.428571428571429047e-01
4.400000000000000022e-01
3.265306122448979331e-01
6.400000000000000133e-01
4.509803921568627527e-01
4.666666666666666741e-01
1.000000000000000000e+00
4.166666666666666852e-01
6.041666666666666297e-01
6.250000000000000000e-01
4.193548387096774355e-01
1.363636363636363535e-01
3.229166666666666852e-01
2.857142857142856984e-01
3.695652173913043237e-01
7.916666666666666297e-01
6.730769230769231282e-01
3.636363636363636465e-01
9.795918367346938549e-01
1.964285714285714246e-01
1.702127659574468044e-01
7.704918032786884918e-01
2.000000000000000111e-01
5.000000000000000000e-01
2.800000000000000266e-01
2.833333333333333259e-01
3.454545454545454586e-01
4.489795918367346927e-01
3.137254901960784270e-01
4.677419354838709409e-01
2.452830188679245293e-01
6.666666666666666574e-02
3.414634146341463672e-01
1.199999999999999956e-01
5.423728813559322015e-01
6.428571428571429047e-01
2.765957446808510745e-01
3.962264150943396457e-01
9.310344827586206629e-01
5.270270270270269730e-01
1.886792452830188815e-01
2.000000000000000111e-01
1.023809523809523725e+00
5.000000000000000000e-01
3.676470588235294379e-01
3.541666666666666852e-01
5.370370370370370905e-01
1.020000000000000018e+00
6.910569105691056757e-01
1.021276595744680771e+00
2.698412698412698263e-01
1.022727272727272707e+00
4.098360655737705027e-01
4.905660377358490587e-01
4.262295081967212851e-01
3.445945945945945721e-01
3.437500000000000000e-01
6.250000000000000000e-01
7.419354838709677491e-01
9.615384615384615641e-01
1.851851851851851749e-01
3.281250000000000000e-01
2.596153846153846367e-01
2.031250000000000000e-01
9.245283018867924696e-01
9.074074074074074403e-01
7.199999999999999734e-01
1.015625000000000000e+00
5.999999999999999778e-01
1.521739130434782705e-01
2.229729729729729715e-01
3.695652173913043237e-01
8.965517241379310498e-01
1.914893617021276584e-01
2.181818181818181712e-01
3.478260869565217295e-01
9.642857142857143016e-01
4.791666666666666852e-01
1.021276595744680771e+00
4.038461538461538547e-01
1.006622516556291425e+00
4.285714285714285476e-01
9.375000000000000000e-01
1.818181818181818232e-01
2.881355932203389925e-01
2.800000000000000266e-01
4.400000000000000022e-01
3.137254901960784270e-01
1.549295774647887203e-01
1.836734693877551117e-01
6.170212765957446832e-01
4.107142857142856984e-01
3.800000000000000044e-01
6.521739130434782428e-02
5.303030303030302761e-01
3.220338983050847204e-01
3.142857142857142794e-01
5.714285714285713969e-01
7.547169811320755262e-01
7.317073170731706877e-02
3.052631578947368474e-01
3.035714285714285476e-01
5.918367346938775420e-01
6.206896551724138122e-01
4.459459459459459429e-01
5.820895522388059851e-01
3.974358974358974117e-01
7.323943661971831220e-01
6.521739130434782705e-01
3.150684931506849140e-01
9.622641509433962348e-01
3.278688524590163689e-01
2.941176470588235392e-01
3.333333333333333148e-01
7.538461538461538325e-01
4.255319148936170248e-01
4.705882352941176405e-01
4.090909090909091161e-01
1.022727272727272707e+00
3.571428571428571508e-01
5.925925925925925597e-01
4.090909090909091161e-01
3.181818181818181768e-01
1.836734693877551117e-01
5.964912280701754055e-01
4.888888888888888729e-01
9.090909090909090606e-01
1.454545454545454475e-01
8.790322580645161255e-01
5.964912280701754055e-01
4.590163934426229608e-01
1.578947368421052544e-01
1.016666666666666607e+00
7.083333333333333703e-01
1.923076923076923184e-01
6.710526315789473450e-01
4.838709677419354982e-01
7.704918032786884918e-01
6.122448979591836871e-01
2.394822006472491771e-01
1.304347826086956486e-01
4.255319148936170248e-01
3.370786516853932491e-01
2.800000000000000266e-01
3.035714285714285476e-01
5.319148936170212671e-01
2.857142857142856984e-01
4.905660377358490587e-01
3.030303030303030387e-01
5.283018867924528239e-01
4.807692307692307820e-01
3.181818181818181768e-01
3.076923076923077094e-01
2.978723404255319007e-01
5.272727272727272263e-01
4.038461538461538547e-01
1.024390243902439046e+00
2.837837837837837718e-01
2.954545454545454697e-01
8.035714285714286031e-01
6.600000000000000311e-01
4.142857142857143127e-01
6.363636363636363535e-01
1.019607843137254832e+00
3.965517241379310498e-01
1.020408163265306145e+00
2.592592592592592449e-01
1.020408163265306145e+00
2.558139534883721034e-01
2.131147540983606425e-01
3.090909090909090828e-01
1.017241379310344751e+00
2.962962962962962798e-01
3.773584905660377214e-02
5.238095238095238360e-01
4.150943396226415283e-01
1.199999999999999956e-01
5.999999999999999778e-02
1.551724137931034531e-01
5.660377358490565891e-01
2.987012987012986898e-01
4.705882352941176405e-01
4.776119402985074536e-01
8.620689655172414367e-02
8.125000000000000000e-01
2.500000000000000000e-01
3.272727272727272707e-01
3.666666666666666408e-01
1.111111111111111049e-01
2.631578947368420907e-01
4.313725490196078649e-01
1.000000000000000056e-01
6.923076923076922906e-01
1.020000000000000018e+00
3.684210526315789269e-01
1.018181818181818077e+00
3.589743589743589758e-01
3.559322033898305038e-01
7.500000000000000000e-01
3.414634146341463672e-01
2.857142857142856984e-01
4.897959183673469274e-01
5.866666666666666696e-01
1.764705882352941291e-01
3.548387096774193727e-01
2.641509433962264120e-01
2.291666666666666574e-01
3.333333333333333148e-01
2.075471698113207641e-01
8.800000000000000044e-01
4.067796610169491789e-01
8.039215686274510109e-01
5.510204081632652517e-01
4.235294117647058765e-01
4.230769230769230727e-01
4.782608695652174058e-01
4.074074074074073848e-01
1.199999999999999956e-01
2.539682539682539542e-01
7.471264367816091712e-01
2.039473684210526272e-01
1.019607843137254832e+00
2.999999999999999889e-01
1.017857142857142794e+00
6.379310344827586743e-01
5.866666666666666696e-01
3.787878787878787845e-01
7.317073170731707155e-01
2.399999999999999911e-01
8.235294117647058432e-01
3.181818181818181768e-01
4.545454545454545303e-01
9.133858267716535861e-01
3.469387755102040782e-01
6.034482758620689502e-01
5.000000000000000000e-01
1.013888888888888840e+00
5.625000000000000000e-01
5.882352941176470784e-01
3.404255319148936088e-01
9.803921568627450567e-01
4.249999999999999889e-01
5.999999999999999778e-01
1.372549019607843257e-01
7.142857142857142461e-02
5.833333333333333703e-01
3.529411764705882582e-01
3.627450980392156743e-01
3.703703703703703498e-02
8.333333333333333703e-01
1.960784313725490169e-01
1.019607843137254832e+00
3.833333333333333592e-01
2.631578947368420907e-01
6.266666666666667052e-01
3.698630136986301165e-01
6.041666666666666297e-01
7.924528301886792914e-01
3.750000000000000000e-01
2.714285714285714080e-01
2.156862745098039325e-01
3.200000000000000067e-01
2.928571428571428714e-01
4.912280701754385692e-01
3.928571428571428492e-01
9.444444444444444198e-01
3.508771929824561209e-01
8.888888888888889228e-02
3.518518518518518601e-01
6.206896551724138122e-01
4.354838709677419373e-01
5.368421052631578982e-01
5.866666666666666696e-01
3.424657534246575152e-01
5.294117647058823595e-01
3.529411764705882582e-01
3.076923076923077094e-01
5.373134328358208922e-01
8.909090909090908728e-01
3.653846153846153633e-01
4.835164835164835195e-01
1.019230769230769162e+00
2.727272727272727071e-01
4.074074074074073848e-01
3.906250000000000000e-01
6.101694915254237683e-01
3.448275862068965747e-01
2.678571428571428492e-01
6.428571428571429047e-01
4.285714285714285476e-01
4.651162790697674354e-01
5.342465753424657793e-01
1.013888888888888840e+00
3.829787234042553168e-01
3.766233766233766378e-01
1.707317073170731836e-01
1.018867924528301883e+00
1.015384615384615330e+00
0.000000000000000000e+00
1.018181818181818077e+00
2.571428571428571175e-01
8.596491228070175517e-01
1.940298507462686617e-01
4.715447154471544833e-01
4.444444444444444198e-01
1.000000000000000000e+00
3.513513513513513709e-01
1.014084507042253502e+00
2.500000000000000000e-01
5.283018867924528239e-01
7.142857142857143016e-01
3.294117647058823484e-01
2.500000000000000000e-01
2.413793103448275967e-01
5.208333333333333703e-01
1.019230769230769162e+00
5.283018867924528239e-01
4.375000000000000000e-01
3.269230769230769273e-01
3.859649122807017330e-01
9.868421052631578538e-01
1.733333333333333393e-01
5.652173913043477826e-01
1.000000000000000000e+00
4.912280701754385692e-01
1.018181818181818077e+00
9.000000000000000222e-01
4.042553191489361430e-01
1.017857142857142794e+00
8.533333333333333881e-01
6.833333333333333481e-01
7.777777777777777901e-01
8.499999999999999778e-01
1.923076923076923184e-01
4.166666666666666852e-01
3.148148148148148251e-01
5.270270270270269730e-01
5.272727272727272263e-01
4.181818181818181546e-01
5.555555555555555802e-01
8.933333333333333126e-01
2.777777777777777901e-01
4.565217391304347561e-01
4.084507042253521236e-01
5.357142857142856984e-01
5.531914893617021489e-01
2.765957446808510745e-01
6.037735849056603543e-01
1.017543859649122862e+00
1.021276595744680771e+00
1.730769230769230727e-01
5.128205128205127750e-01
3.787878787878787845e-01
4.230769230769230727e-01
1.525423728813559421e-01
5.263157894736841813e-01
1.018867924528301883e+00
1.019230769230769162e+00
3.965517241379310498e-01
9.799999999999999822e-01
1.020000000000000018e+00
1.020000000000000018e+00
1.126760563380281716e-01
4.561403508771929571e-01
2.321428571428571508e-01
8.983050847457627608e-01
5.686274509803921351e-01
5.799999999999999600e-01
8.541666666666666297e-01
5.576923076923077094e-01
3.538461538461538658e-01
4.313725490196078649e-01
9.130434782608695121e-01
9.772727272727272929e-01
8.545454545454544970e-01
5.471698113207547065e-01
1.020000000000000018e+00
5.147058823529411242e-01
1.020833333333333259e+00
4.955752212389380462e-01
4.285714285714285476e-01
3.703703703703703498e-01
6.813186813186813406e-01
5.686274509803921351e-01
3.787878787878787845e-01
2.884615384615384359e-01
2.857142857142856984e-01
1.019607843137254832e+00
1.020833333333333259e+00
9.552238805970149071e-01
3.200000000000000067e-01
3.703703703703703498e-01
3.200000000000000067e-01
3.166666666666666519e-01
3.676470588235294379e-01
3.902439024390244038e-01
3.035714285714285476e-01
4.489795918367346927e-01
8.448275862068965747e-01
2.962962962962962798e-01
1.764705882352941291e-01
2.826086956521738913e-01
8.431372549019607865e-01
4.666666666666666741e-01
1.019230769230769162e+00
5.652173913043477826e-01
6.034482758620689502e-01
1.009708737864077666e+00
7.123287671232876317e-01
2.745098039215686514e-01
5.000000000000000000e-01
1.818181818181818232e-01
6.274509803921568540e-01
1.395348837209302306e-01
4.655172413793103314e-01
1.011904761904761862e+00
2.000000000000000111e-01
4.111111111111110938e-01
1.403508771929824483e-01
2.916666666666666852e-01
3.709677419354838745e-01
3.478260869565217295e-01
1.017241379310344751e+00
5.121951219512195230e-01
7.931034482758620996e-01
7.931034482758620996e-01
1.014285714285714235e+00
5.098039215686274161e-01
1.021276595744680771e+00
3.636363636363636465e-01
7.936507936507936067e-02
2.745098039215686514e-01
6.415094339622641195e-01
4.126984126984126755e-01
1.016949152542372836e+00
9.787234042553191182e-01
3.396226415094339424e-01
8.709677419354838745e-01
7.254901960784313486e-01
4.583333333333333148e-01
1.013888888888888840e+00
4.166666666666666852e-01
5.000000000000000000e-01
3.584905660377358250e-01
1.018867924528301883e+00
8.181818181818182323e-01
3.454545454545454586e-01
4.179104477611940149e-01
4.339622641509434109e-01
6.530612244897958663e-01
3.921568627450980338e-02
3.653846153846153633e-01
1.010416666666666741e+00
4.032258064516128782e-01
6.202531645569620000e-01
6.883116883116883189e-01
6.734693877551020114e-01
1.000000000000000000e+00
6.739130434782608647e-01
7.173913043478260532e-01
3.409090909090908839e-01
3.488372093023255904e-01
6.027397260273972268e-01
3.725490196078431460e-01
8.529411764705882026e-01
3.333333333333333148e-01
3.673469387755102233e-01
7.608695652173913526e-01
3.975903614457831359e-01
3.225806451612903136e-01
5.882352941176470784e-01
4.459459459459459429e-01
1.018518518518518601e+00
0.000000000000000000e+00
1.016666666666666607e+00
2.300884955752212357e-01
3.650793650793650591e-01
0.000000000000000000e+00
2.500000000000000000e-01
3.760000000000000009e-01
1.000000000000000000e+00
5.757575757575758013e-01
5.575221238938052881e-01
1.017857142857142794e+00
2.000000000000000111e-01
4.264705882352941013e-01
4.565217391304347561e-01
9.272727272727272485e-01
3.725490196078431460e-01
2.166666666666666741e-01
1.666666666666666574e-01
1.600000000000000033e-01
4.477611940298507620e-01
9.333333333333333481e-01
4.565217391304347561e-01
1.013513513513513598e+00
2.711864406779661008e-01
2.241379310344827624e-01
9.444444444444444198e-01
2.478632478632478708e-01
1.612903225806451568e-01
5.660377358490565891e-01
2.068965517241379282e-01
5.263157894736841813e-01
1.698113207547169712e-01
8.043478260869565410e-01
4.833333333333333370e-01
1.016666666666666607e+00
2.826086956521738913e-01
2.241379310344827624e-01
4.210526315789473450e-01
3.529411764705882582e-01
3.076923076923077094e-01
4.032258064516128782e-01
1.022727272727272707e+00
6.428571428571429047e-01
4.000000000000000222e-01
3.508771929824561209e-01
2.941176470588235392e-01
2.500000000000000000e-01
4.146341463414633943e-01
1.019230769230769162e+00
6.226415094339622369e-01
4.629629629629629650e-01
1.935483870967741882e-01
2.647058823529411797e-01
3.684210526315789269e-01
1.017241379310344751e+00
4.305555555555555802e-01
1.021739130434782705e+00
9.818181818181818121e-01
7.241379310344827624e-01
5.000000000000000000e-01
1.023809523809523725e+00
4.864864864864865135e-01
