5.918367346938775420e-01
8.817204301075268758e-01
3.125000000000000000e-01
6.785714285714286031e-01
5.789473684210526550e-01
2.894736842105263275e-01
8.695652173913043237e-02
3.840000000000000080e-01
8.076923076923077094e-01
4.772727272727272929e-01
3.255813953488372325e-01
3.880597014925373234e-01
3.037974683544303889e-01
9.687500000000000000e-01
3.333333333333333148e-01
1.836734693877551117e-01
5.294117647058823595e-01
3.777777777777777679e-01
2.500000000000000000e-01
4.285714285714285476e-01
1.578947368421052544e-01
5.999999999999999778e-02
4.565217391304347561e-01
3.499999999999999778e-01
2.142857142857142738e-01
3.606557377049180446e-01
2.592592592592592449e-01
5.749999999999999556e-01
9.117647058823529216e-01
3.469387755102040782e-01
2.999999999999999889e-01
6.949152542372881713e-01
5.076923076923076650e-01
5.370370370370370905e-01
4.594594594594594850e-01
3.111111111111111160e-01
1.021276595744680771e+00
3.018867924528301772e-01
1.111111111111111049e-01
1.707317073170731836e-01
5.192307692307692735e-01
0.000000000000000000e+00
2.264150943396226467e-01
2.812500000000000000e-01
2.500000000000000000e-01
3.181818181818181768e-01
4.600000000000000200e-01
3.043478260869565410e-01
7.564102564102563875e-01
1.627906976744186163e-01
3.469387755102040782e-01
1.029411764705882248e+00
3.750000000000000000e-01
6.521739130434782705e-01
2.857142857142856984e-01
9.230769230769231282e-01
8.399999999999999689e-01
4.078947368421052544e-01
4.893617021276595591e-01
4.418604651162790775e-01
5.362318840579710644e-01
3.181818181818181768e-01
3.333333333333333148e-01
4.615384615384615641e-01
2.750000000000000222e-01
1.333333333333333315e-01
2.264150943396226467e-01
1.276595744680850963e-01
3.815789473684210731e-01
2.592592592592592449e-01
3.265306122448979331e-01
8.571428571428570953e-01
2.745098039215686514e-01
1.000000000000000056e-01
2.702702702702702853e-01
3.265306122448979331e-01
4.509803921568627527e-01
3.877551020408163129e-01
4.696969696969697239e-01
3.033707865168539519e-01
7.826086956521739468e-01
5.333333333333333259e-01
5.897435897435897578e-01
3.636363636363636465e-01
6.538461538461538547e-01
5.833333333333333703e-01
4.736842105263157632e-01
5.000000000000000000e-01
3.611111111111111049e-01
4.909090909090909061e-01
2.321428571428571508e-01
4.629629629629629650e-01
4.749999999999999778e-01
5.483870967741935054e-01
5.000000000000000000e-01
2.439024390243902385e-01
3.552631578947368363e-01
2.295081967213114804e-01
9.411764705882352811e-01
1.022222222222222143e+00
6.029411764705882026e-01
2.972972972972973138e-01
2.888888888888888618e-01
9.767441860465115866e-01
5.675675675675675436e-01
8.333333333333333703e-01
1.956521739130434867e-01
3.225806451612903136e-01
6.507936507936508130e-01
1.960784313725490169e-02
5.384615384615384359e-01
4.646464646464646409e-01
1.010989010989010950e+00
5.576923076923077094e-01
1.489361702127659504e-01
6.388888888888888395e-01
8.717948717948718063e-01
5.853658536585365502e-01
2.682926829268292845e-01
4.545454545454545303e-01
3.913043478260869734e-01
5.405405405405405705e-02
1.020000000000000018e+00
8.032786885245901676e-01
4.693877551020408379e-01
7.173913043478260532e-01
6.279069767441860517e-01
2.500000000000000000e-01
3.333333333333333148e-01
2.142857142857142738e-01
2.399999999999999911e-01
2.105263157894736725e-01
1.162790697674418589e-01
4.897959183673469274e-01
1.015384615384615330e+00
4.883720930232557933e-01
4.516129032258064391e-01
9.843750000000000000e-01
8.983050847457627608e-01
0.000000000000000000e+00
9.841269841269840724e-01
3.333333333333333148e-01
7.894736842105262720e-02
3.617021276595744905e-01
3.650793650793650591e-01
1.022727272727272707e+00
1.020000000000000018e+00
2.000000000000000111e-01
3.367346938775510057e-01
3.658536585365853577e-01
4.166666666666666852e-01
1.025641025641025550e+00
5.625000000000000000e-01
5.600000000000000533e-01
4.838709677419354982e-01
7.209302325581394832e-01
4.249999999999999889e-01
5.319148936170212671e-01
5.961538461538461453e-01
2.631578947368420907e-01
7.399999999999999911e-01
6.199999999999999956e-01
4.130434782608695676e-01
5.000000000000000000e-01
5.490196078431373028e-01
1.756756756756756854e-01
2.888888888888888618e-01
4.117647058823529216e-01
3.513513513513513709e-01
4.629629629629629650e-01
8.444444444444444420e-01
5.897435897435897578e-01
3.513513513513513709e-01
4.761904761904761640e-01
2.619047619047619180e-01
1.022727272727272707e+00
4.358974358974359031e-01
9.756097560975610095e-02
3.333333333333333148e-01
7.428571428571428825e-01
8.225806451612903691e-01
7.073170731707316694e-01
4.067796610169491789e-01
4.400000000000000022e-01
3.137254901960784270e-01
4.722222222222222099e-01
4.888888888888888729e-01
4.363636363636363424e-01
6.956521739130434590e-01
4.067796610169491789e-01
3.818181818181818343e-01
2.432432432432432567e-01
1.250000000000000000e-01
4.000000000000000222e-01
4.642857142857143016e-01
3.958333333333333148e-01
3.333333333333333148e-01
5.102040816326530726e-01
6.349206349206348854e-01
5.471698113207547065e-01
1.020833333333333259e+00
2.407407407407407274e-01
8.787878787878787845e-01
1.018867924528301883e+00
8.387096774193548709e-01
1.018867924528301883e+00
7.962962962962962798e-01
7.924528301886792914e-01
7.142857142857143016e-01
6.500000000000000222e-01
2.105263157894736725e-01
8.979591836734693855e-01
8.297872340425531679e-01
2.241379310344827624e-01
5.762711864406779849e-01
4.204545454545454697e-01
2.307692307692307820e-01
5.714285714285713969e-01
1.914893617021276584e-01
2.857142857142856984e-01
1.026315789473684292e+00
4.545454545454545303e-01
5.714285714285713969e-01
3.255813953488372325e-01
3.194444444444444198e-01
3.472222222222222099e-01
5.609756097560976151e-01
3.478260869565217295e-01
3.043478260869565410e-01
2.608695652173912971e-01
5.714285714285713969e-01
3.207547169811320598e-01
2.857142857142856984e-01
4.222222222222222210e-01
8.461538461538461453e-01
6.470588235294117974e-01
1.666666666666666574e-01
3.243243243243243423e-01
2.500000000000000000e-01
7.187500000000000000e-01
2.352941176470588203e-01
4.130434782608695676e-01
5.000000000000000000e-01
8.367346938775510612e-01
5.972222222222222099e-01
5.799999999999999600e-01
4.329896907216495006e-01
4.255319148936170248e-01
1.458333333333333426e-01
3.333333333333333148e-01
3.877551020408163129e-01
3.191489361702127825e-01
5.111111111111110716e-01
3.636363636363636465e-01
2.407407407407407274e-01
1.019230769230769162e+00
7.090909090909091050e-01
3.281250000000000000e-01
6.052631578947368363e-01
2.380952380952380820e-01
3.571428571428571508e-01
4.285714285714285476e-01
3.636363636363636465e-01
2.000000000000000111e-01
2.340425531914893664e-01
6.250000000000000000e-01
2.682926829268292845e-01
2.321428571428571508e-01
2.448979591836734637e-01
4.807692307692307820e-01
3.157894736842105088e-01
3.673469387755102233e-01
2.962962962962962798e-01
1.018518518518518601e+00
5.102040816326530726e-01
9.268292682926829729e-01
4.666666666666666741e-01
6.603773584905660021e-01
5.000000000000000000e-01
3.333333333333333148e-01
5.138888888888888395e-01
3.137254901960784270e-01
9.545454545454545858e-01
2.168674698795180766e-01
6.041666666666666297e-01
4.067796610169491789e-01
0.000000000000000000e+00
9.803921568627450844e-02
1.020000000000000018e+00
4.666666666666666741e-01
3.170731707317073211e-01
4.693877551020408379e-01
2.444444444444444364e-01
8.333333333333333703e-01
2.000000000000000111e-01
1.022222222222222143e+00
3.617021276595744905e-01
1.022727272727272707e+00
7.317073170731707155e-01
5.301204819277108848e-01
3.703703703703703498e-01
3.015873015873015706e-01
7.894736842105262720e-02
1.190476190476190410e-01
4.042553191489361430e-01
5.686274509803921351e-01
2.056074766355140138e-01
1.666666666666666574e-01
6.393442622950820109e-01
4.642857142857143016e-01
2.000000000000000111e-01
8.541666666666666297e-01
7.647058823529411242e-01
1.020000000000000018e+00
5.799999999999999600e-01
4.938271604938271331e-01
4.313725490196078649e-01
6.458333333333333703e-01
9.756097560975610095e-02
3.157894736842105088e-01
3.564356435643564192e-01
1.023809523809523725e+00
2.272727272727272652e-01
5.238095238095238360e-01
5.476190476190476719e-01
3.333333333333333148e-01
6.307692307692307487e-01
4.000000000000000222e-01
3.333333333333333148e-01
1.020408163265306145e+00
6.029411764705882026e-01
1.076923076923076983e-01
5.999999999999999778e-02
2.954545454545454697e-01
1.702127659574468044e-01
1.020408163265306145e+00
5.094339622641509413e-01
3.409090909090908839e-01
3.061224489795918435e-01
3.604651162790697416e-01
3.200000000000000067e-01
2.558139534883721034e-01
1.020408163265306145e+00
4.473684210526315819e-01
2.142857142857142738e-01
2.500000000000000000e-01
2.105263157894736725e-01
3.738317757009345654e-01
8.571428571428570953e-01
2.608695652173912971e-01
5.652173913043477826e-01
4.210526315789473450e-01
7.307692307692307265e-01
6.415094339622641195e-01
5.074626865671642006e-01
1.891891891891891997e-01
7.758620689655172376e-01
3.125000000000000000e-01
2.954545454545454697e-01
1.666666666666666574e-01
1.011494252873563315e+00
1.000000000000000056e-01
4.814814814814814548e-01
1.578947368421052544e-01
4.782608695652174058e-01
2.500000000000000000e-01
3.695652173913043237e-01
3.125000000000000000e-01
2.372881355932203451e-01
5.897435897435897578e-01
8.771929824561403022e-02
2.727272727272727071e-01
2.916666666666666852e-01
4.693877551020408379e-01
9.791666666666666297e-01
4.385964912280701511e-01
4.000000000000000222e-01
6.315789473684210176e-01
6.363636363636363535e-01
4.952380952380952550e-01
1.024390243902439046e+00
1.014492753623188470e+00
3.647058823529411575e-01
4.081632653061224580e-01
6.976744186046511809e-01
3.200000000000000067e-01
1.026315789473684292e+00
6.530612244897958663e-01
1.020408163265306145e-01
3.439999999999999725e-01
3.333333333333333148e-01
5.238095238095238360e-01
7.500000000000000000e-01
7.948717948717948234e-01
3.684210526315789269e-01
4.615384615384615641e-01
2.909090909090908950e-01
3.214285714285714524e-01
2.750000000000000222e-01
9.423076923076922906e-01
3.589743589743589758e-01
5.526315789473684736e-01
4.672897196261682207e-01
3.513513513513513709e-01
3.111111111111111160e-01
3.809523809523809312e-01
4.428571428571428381e-01
5.584415584415584055e-01
1.041666666666666713e-01
1.489361702127659504e-01
3.367346938775510057e-01
9.555555555555556024e-01
5.490196078431373028e-01
6.086956521739130821e-01
3.571428571428571508e-01
8.333333333333333703e-01
3.666666666666666408e-01
3.333333333333333148e-01
4.600000000000000200e-01
4.473684210526315819e-01
2.150537634408602183e-01
4.461538461538461786e-01
3.617021276595744905e-01
4.060150375939849399e-01
2.244897959183673464e-01
3.200000000000000067e-01
4.893617021276595591e-01
1.914893617021276584e-01
7.826086956521739468e-01
7.959183673469387710e-01
3.833333333333333592e-01
1.023255813953488413e+00
8.823529411764706454e-02
6.279069767441860517e-01
2.444444444444444364e-01
3.974358974358974117e-01
2.978723404255319007e-01
3.750000000000000000e-01
8.717948717948718063e-01
1.250000000000000000e-01
6.202531645569620000e-01
3.880597014925373234e-01
3.592233009708737934e-01
2.727272727272727071e-01
1.702127659574468044e-01
3.720930232558139483e-01
1.027027027027026973e+00
1.000000000000000000e+00
7.297297297297297147e-01
3.214285714285714524e-01
1.176470588235294101e-01
1.020000000000000018e+00
4.329896907216495006e-01
1.022727272727272707e+00
1.250000000000000000e-01
2.380952380952380820e-01
2.363636363636363591e-01
1.363636363636363535e-01
0.000000000000000000e+00
4.054054054054054279e-01
5.057471264367816577e-01
9.069767441860464574e-01
3.392857142857143016e-01
9.056603773584905870e-01
6.760563380281690016e-01
4.871794871794871695e-01
5.625000000000000000e-01
1.739130434782608647e-01
3.333333333333333148e-01
7.083333333333333703e-01
9.726027397260273988e-01
5.535714285714286031e-01
5.000000000000000000e-01
2.571428571428571175e-01
1.956521739130434867e-01
4.285714285714285476e-01
2.040816326530612290e-01
6.046511627906976383e-01
2.999999999999999889e-01
3.207547169811320598e-01
4.799999999999999822e-01
3.695652173913043237e-01
1.951219512195122019e-01
2.777777777777777901e-01
3.870967741935483764e-01
4.693877551020408379e-01
8.474576271186440302e-02
2.000000000000000111e-01
3.103448275862069061e-01
6.458333333333333703e-01
5.526315789473684736e-01
3.695652173913043237e-01
4.468085106382978511e-01
4.035087719298245390e-01
5.999999999999999778e-01
2.708333333333333148e-01
1.018867924528301883e+00
1.011627906976744207e+00
2.222222222222222099e-01
5.111111111111110716e-01
5.263157894736841813e-01
4.186046511627907196e-01
8.615384615384615863e-01
4.838709677419354982e-01
3.250000000000000111e-01
3.809523809523809312e-01
4.893617021276595591e-01
2.500000000000000139e-02
1.836734693877551117e-01
4.146341463414633943e-01
5.671641791044775838e-01
5.227272727272727071e-01
1.568627450980392135e-01
4.888888888888888729e-01
2.978723404255319007e-01
1.022222222222222143e+00
3.404255319148936088e-01
3.725490196078431460e-01
2.830188679245282946e-01
2.432432432432432567e-01
5.000000000000000000e-01
4.193548387096774355e-01
1.017241379310344751e+00
2.972972972972973138e-01
6.705882352941175961e-01
0.000000000000000000e+00
0.000000000000000000e+00
4.285714285714285476e-01
2.857142857142856984e-01
3.132530120481927804e-01
4.102564102564102422e-01
5.999999999999999778e-01
6.052631578947368363e-01
1.052631578947368363e-01
4.146341463414633943e-01
8.431372549019607865e-01
1.190476190476190410e-01
6.610169491525423879e-01
1.021276595744680771e+00
1.022727272727272707e+00
4.468085106382978511e-01
3.965517241379310498e-01
2.765957446808510745e-01
1.025641025641025550e+00
1.351351351351351426e-01
5.434782608695651884e-01
5.789473684210526550e-01
4.799999999999999822e-01
5.384615384615384359e-01
2.340425531914893664e-01
1.587301587301587213e-01
3.913043478260869734e-01
5.849056603773584717e-01
6.315789473684210176e-01
1.019230769230769162e+00
2.459016393442622905e-01
2.250000000000000056e-01
5.208333333333333703e-01
3.414634146341463672e-01
2.807017543859648967e-01
5.526315789473684736e-01
4.333333333333333481e-01
5.454545454545454142e-01
5.087719298245614308e-01
3.333333333333333148e-01
1.111111111111111049e-01
3.499999999999999778e-01
5.806451612903226200e-01
5.357142857142856984e-01
6.393442622950820109e-01
3.469387755102040782e-01
4.313725490196078649e-01
2.500000000000000000e-01
3.195876288659793563e-01
2.031250000000000000e-01
3.829787234042553168e-01
3.061224489795918435e-01
5.000000000000000000e-01
8.103448275862068506e-01
2.093023255813953598e-01
5.000000000000000000e-01
6.449275362318840354e-01
5.999999999999999778e-01
3.653846153846153633e-01
1.842105263157894635e-01
3.260869565217391353e-01
1.027777777777777679e+00
2.391304347826087029e-01
1.000000000000000000e+00
3.750000000000000000e-01
3.555555555555555691e-01
5.454545454545454142e-01
1.463414634146341375e-01
5.454545454545454142e-01
3.409090909090908839e-01
4.897959183673469274e-01
2.727272727272727071e-01
4.583333333333333148e-01
5.348837209302325091e-01
4.925373134328357994e-01
5.681818181818182323e-01
4.883720930232557933e-01
9.259259259259258745e-02
4.772727272727272929e-01
5.000000000000000000e-01
4.210526315789473450e-01
1.639344262295081844e-01
5.744680851063830307e-01
5.490196078431373028e-01
3.055555555555555802e-01
3.404255319148936088e-01
8.000000000000000444e-01
5.116279069767442067e-01
4.578313253012047945e-01
6.923076923076922906e-01
4.461538461538461786e-01
2.432432432432432567e-01
2.131147540983606425e-01
7.741935483870967527e-01
2.835820895522387919e-01
2.666666666666666630e-01
7.843137254901960675e-02
5.555555555555555802e-01
5.283018867924528239e-01
2.857142857142856984e-01
4.347826086956521618e-01
1.010869565217391353e+00
4.249999999999999889e-01
6.486486486486486847e-01
1.842105263157894635e-01
1.020408163265306145e+00
4.727272727272727182e-01
4.811320754716981174e-01
3.095238095238095344e-01
2.800000000000000266e-01
9.756097560975609539e-01
8.550724637681159646e-01
2.727272727272727071e-01
4.918032786885245811e-01
3.653846153846153633e-01
2.413793103448275967e-01
2.941176470588235392e-01
3.800000000000000044e-01
4.186046511627907196e-01
4.565217391304347561e-01
3.970588235294117418e-01
4.716981132075471761e-01
1.018867924528301883e+00
1.012345679012345734e+00
4.249999999999999889e-01
2.653061224489796088e-01
3.255813953488372325e-01
4.523809523809523836e-01
3.617021276595744905e-01
2.181818181818181712e-01
2.272727272727272652e-01
1.020408163265306145e+00
9.638554216867470381e-02
1.021739130434782705e+00
1.904761904761904656e-01
3.269230769230769273e-01
6.521739130434782428e-02
3.636363636363636465e-01
6.250000000000000000e-01
6.250000000000000000e-01
2.962962962962962798e-01
3.777777777777777679e-01
4.262295081967212851e-01
5.555555555555555802e-01
7.142857142857143016e-01
3.061224489795918435e-01
5.853658536585365502e-01
4.150943396226415283e-01
2.954545454545454697e-01
4.117647058823529216e-01
7.090909090909091050e-01
1.022222222222222143e+00
7.017543859649122417e-02
1.960784313725490169e-02
3.181818181818181768e-01
3.050847457627118842e-01
3.877551020408163129e-01
4.523809523809523836e-01
0.000000000000000000e+00
6.666666666666666297e-01
8.260869565217391353e-01
4.459459459459459429e-01
4.680851063829787329e-01
3.437500000000000000e-01
2.999999999999999889e-01
6.666666666666666297e-01
5.434782608695651884e-01
8.163265306122448328e-02
2.000000000000000111e-01
5.999999999999999778e-01
3.076923076923077094e-01
6.829268292682927344e-01
3.255813953488372325e-01
2.608695652173912971e-01
3.777777777777777679e-01
5.192307692307692735e-01
5.957446808510638014e-01
3.188405797101449002e-01
2.641509433962264120e-01
2.307692307692307820e-01
4.537815126050420145e-01
2.916666666666666852e-01
5.853658536585365502e-01
3.239436619718309984e-01
1.851851851851851749e-01
6.842105263157894912e-01
1.020000000000000018e+00
6.136363636363636465e-01
8.392857142857143016e-01
1.764705882352941291e-01
2.428571428571428548e-01
2.127659574468085124e-01
3.404255319148936088e-01
2.093023255813953598e-01
2.435897435897435848e-01
7.555555555555555358e-01
3.589743589743589758e-01
2.592592592592592449e-01
5.581395348837209225e-01
1.355932203389830504e-01
4.177215189873417778e-01
4.000000000000000222e-01
2.790697674418604612e-01
3.076923076923077094e-01
5.576923076923077094e-01
3.333333333333333148e-01
6.406250000000000000e-01
4.666666666666666741e-01
3.947368421052631637e-01
2.000000000000000111e-01
3.636363636363636465e-01
2.857142857142856984e-01
1.428571428571428492e-01
3.442622950819672067e-01
4.390243902439024404e-01
3.529411764705882582e-01
6.470588235294117974e-01
6.086956521739130821e-01
2.272727272727272652e-01
4.761904761904761640e-01
1.555555555555555580e-01
5.000000000000000000e-01
1.578947368421052544e-01
4.615384615384615641e-01
4.565217391304347561e-01
1.499999999999999944e-01
5.365853658536585691e-01
4.255319148936170248e-01
4.130434782608695676e-01
8.372093023255814392e-01
1.698113207547169712e-01
1.860465116279069742e-01
7.600000000000000089e-01
3.584905660377358250e-01
4.821428571428571508e-01
7.323943661971831220e-01
4.062500000000000000e-01
4.615384615384615641e-01
3.606557377049180446e-01
2.000000000000000111e-01
3.599999999999999867e-01
0.000000000000000000e+00
2.932330827067669010e-01
5.192307692307692735e-01
3.076923076923077094e-01
6.458333333333333703e-01
3.333333333333333148e-01
3.750000000000000000e-01
5.333333333333333259e-01
5.555555555555555802e-01
3.214285714285714524e-01
4.831460674157303514e-01
4.520547945205479201e-01
1.014705882352941124e+00
2.978723404255319007e-01
4.523809523809523836e-01
5.833333333333333703e-01
4.477611940298507620e-01
5.098039215686274161e-01
2.653061224489796088e-01
4.404761904761904656e-01
3.260869565217391353e-01
2.600000000000000089e-01
4.038461538461538547e-01
3.333333333333333148e-01
6.078431372549019107e-01
4.814814814814814548e-01
3.018867924528301772e-01
3.947368421052631637e-01
2.156862745098039325e-01
7.567567567567567988e-01
1.014705882352941124e+00
5.161290322580645018e-01
1.627906976744186163e-01
2.535211267605633756e-01
2.121212121212121271e-01
3.877551020408163129e-01
1.016666666666666607e+00
1.022727272727272707e+00
4.545454545454545581e-02
3.278688524590163689e-01
1.019607843137254832e+00
3.392857142857143016e-01
1.965811965811965767e-01
4.285714285714285476e-01
2.432432432432432567e-01
2.432432432432432567e-01
4.166666666666666852e-01
2.923076923076923239e-01
3.599999999999999867e-01
4.000000000000000222e-01
2.515337423312883347e-01
1.022222222222222143e+00
4.074074074074073848e-01
1.021739130434782705e+00
8.775510204081632404e-01
2.553191489361701927e-01
1.016666666666666607e+00
7.234042553191489811e-01
1.346153846153846090e-01
2.957746478873239382e-01
1.014925373134328401e+00
5.789473684210526550e-01
4.687500000000000000e-02
5.283018867924528239e-01
7.083333333333333703e-01
4.444444444444444198e-01
4.878048780487805047e-02
3.333333333333333148e-01
4.545454545454545303e-01
5.357142857142856984e-01
4.102564102564102422e-01
3.518518518518518601e-01
6.086956521739130821e-01
4.175824175824175977e-01
5.227272727272727071e-01
6.250000000000000000e-01
4.489795918367346927e-01
3.207547169811320598e-01
1.395348837209302306e-01
1.000000000000000000e+00
3.720930232558139483e-01
5.500000000000000444e-01
8.115942028985507761e-01
6.603773584905660021e-01
3.243243243243243423e-01
5.384615384615384359e-01
4.000000000000000083e-02
8.627450980392157298e-01
2.790697674418604612e-01
1.023255813953488413e+00
6.285714285714285587e-01
6.885245901639344135e-01
4.222222222222222210e-01
6.041666666666666297e-01
3.972602739726027177e-01
9.375000000000000000e-01
1.627906976744186163e-01
3.076923076923077094e-01
5.217391304347825942e-01
1.458333333333333426e-01
4.285714285714285476e-01
4.637681159420289911e-01
4.313725490196078649e-01
2.500000000000000000e-01
3.396226415094339424e-01
4.090909090909091161e-01
6.590909090909090606e-01
2.500000000000000000e-01
3.777777777777777679e-01
2.903225806451613100e-01
3.829787234042553168e-01
1.142857142857142821e-01
2.500000000000000000e-01
1.020000000000000018e+00
4.693877551020408379e-01
3.333333333333333148e-01
8.125000000000000000e-01
2.500000000000000000e-01
3.831775700934579310e-01
6.153846153846154188e-01
2.653061224489796088e-01
6.543209876543210068e-01
5.531914893617021489e-01
6.666666666666666297e-01
1.020833333333333259e+00
5.909090909090909394e-01
9.599999999999999645e-01
5.500000000000000444e-01
4.354838709677419373e-01
1.024390243902439046e+00
2.399999999999999911e-01
3.488372093023255904e-01
1.019230769230769162e+00
1.016129032258064502e+00
5.142857142857142350e-01
5.094339622641509413e-01
1.022727272727272707e+00
2.347826086956521785e-01
2.444444444444444364e-01
6.976744186046511531e-02
9.487179487179486781e-01
5.000000000000000000e-01
3.269230769230769273e-01
3.958333333333333148e-01
3.437500000000000000e-01
1.000000000000000056e-01
5.303030303030302761e-01
5.555555555555555802e-01
1.818181818181818232e-01
2.333333333333333370e-01
5.454545454545454142e-01
2.682926829268292845e-01
3.207547169811320598e-01
5.316455696202531112e-01
2.804878048780488076e-01
3.647058823529411575e-01
1.176470588235294101e-01
4.222222222222222210e-01
2.115384615384615363e-01
5.263157894736841813e-01
3.137254901960784270e-01
1.842105263157894635e-01
6.415094339622641195e-01
4.901960784313725283e-01
3.692307692307692513e-01
5.625000000000000000e-01
3.658536585365853577e-01
3.541666666666666852e-01
3.333333333333333148e-01
4.375000000000000000e-01
2.826086956521738913e-01
3.442622950819672067e-01
6.122448979591836871e-01
2.045454545454545581e-01
8.333333333333332871e-02
5.892857142857143016e-01
5.434782608695651884e-01
6.744186046511627675e-01
4.029850746268656692e-01
2.592592592592592449e-01
3.783783783783783994e-01
3.469387755102040782e-01
4.901960784313725283e-01
2.765957446808510745e-01
4.150943396226415283e-01
2.166666666666666741e-01
4.893617021276595591e-01
3.750000000000000000e-01
8.478260869565217295e-01
4.130434782608695676e-01
4.891304347826087029e-01
3.269230769230769273e-01
4.285714285714285476e-01
1.025641025641025550e+00
5.853658536585365502e-01
2.250000000000000056e-01
5.227272727272727071e-01
7.179487179487179516e-01
2.894736842105263275e-01
5.468750000000000000e-01
3.260869565217391353e-01
5.522388059701492935e-01
2.173913043478260809e-01
6.904761904761904656e-01
3.170731707317073211e-01
2.000000000000000111e-01
1.612903225806451568e-01
4.081632653061224580e-01
9.729729729729730270e-01
3.191489361702127825e-01
5.471698113207547065e-01
2.586206896551724310e-01
4.017857142857143016e-01
2.631578947368420907e-01
8.857142857142856762e-01
2.325581395348837177e-01
4.065040650406503975e-01
1.015151515151515138e+00
5.423728813559322015e-01
1.523809523809523947e-01
3.469387755102040782e-01
6.951219512195121464e-01
5.000000000000000000e-01
5.789473684210526550e-01
5.925925925925925597e-01
9.756097560975610095e-02
4.727272727272727182e-01
1.481481481481481399e-01
2.564102564102563875e-01
9.310344827586206629e-01
3.508771929824561209e-01
2.750000000000000222e-01
4.062500000000000000e-01
2.448979591836734637e-01
6.078431372549019107e-01
5.820895522388059851e-01
8.571428571428570953e-01
7.777777777777777901e-01
4.782608695652174058e-01
3.148148148148148251e-01
1.021739130434782705e+00
1.041666666666666713e-01
1.029411764705882248e+00
4.799999999999999822e-01
8.135593220338983578e-01
5.348837209302325091e-01
5.000000000000000000e-01
3.653846153846153633e-01
4.130434782608695676e-01
1.024999999999999911e+00
1.730769230769230727e-01
4.864864864864865135e-01
1.018181818181818077e+00
3.777777777777777679e-01
4.000000000000000222e-01
9.361702127659574657e-01
3.928571428571428492e-01
4.102564102564102422e-01
9.512195121951219079e-01
3.333333333333333148e-01
2.325581395348837177e-02
2.131147540983606425e-01
6.170212765957446832e-01
3.750000000000000000e-01
4.150943396226415283e-01
4.307692307692307931e-01
2.285714285714285643e-01
3.061224489795918435e-01
4.807692307692307820e-01
1.967213114754098324e-01
2.702702702702702853e-01
1.470588235294117696e-01
