8.125000000000000000e-01
9.918699186991869476e-01
9.866666666666666918e-01
9.866666666666666918e-01
9.032258064516128782e-01
8.641975308641974829e-01
8.641975308641974829e-01
6.363636363636363535e-01
3.125000000000000000e-01
9.677419354838709964e-01
9.583333333333333703e-01
4.000000000000000222e-01
1.428571428571428492e-01
6.666666666666666297e-01
9.714285714285714191e-01
9.565217391304348116e-01
9.411764705882352811e-01
5.000000000000000000e-01
9.722222222222222099e-01
9.375000000000000000e-01
9.867256637168141387e-01
9.655172413793103869e-01
9.473684210526315264e-01
9.411764705882352811e-01
7.346938775510204467e-01
7.346938775510204467e-01
5.263157894736841813e-02
5.263157894736841813e-02
8.823529411764705621e-01
2.000000000000000111e-01
9.677419354838709964e-01
9.444444444444444198e-01
2.580645161290322509e-01
2.580645161290322509e-01
2.580645161290322509e-01
1.434262948207171429e-01
9.940119760479041444e-01
4.603773584905660465e-01
4.603773584905660465e-01
4.603773584905660465e-01
6.037735849056603543e-01
6.037735849056603543e-01
3.823529411764705621e-01
0.000000000000000000e+00
6.944444444444444198e-01
0.000000000000000000e+00
3.823529411764705621e-01
5.882352941176470784e-01
3.823529411764705621e-01
3.823529411764705621e-01
8.291666666666667185e-01
8.291666666666667185e-01
8.291666666666667185e-01
8.291666666666667185e-01
8.291666666666667185e-01
9.909090909090909616e-01
9.909090909090909616e-01
9.259259259259259300e-01
9.777777777777777457e-01
9.777777777777777457e-01
9.777777777777777457e-01
9.777777777777777457e-01
5.454545454545454142e-01
9.775280898876403946e-01
3.125000000000000000e-01
5.609756097560976151e-01
3.977272727272727071e-01
3.977272727272727071e-01
3.908045977011494476e-01
3.977272727272727071e-01
3.977272727272727071e-01
9.411764705882352811e-01
9.375000000000000000e-01
9.565217391304348116e-01
6.999999999999999556e-01
7.727272727272727071e-01
4.117647058823529216e-01
8.275862068965517127e-01
8.536585365853658347e-01
0.000000000000000000e+00
3.921568627450980338e-01
9.730538922155688164e-01
9.730538922155688164e-01
1.818181818181818232e-01
4.285714285714285476e-01
4.285714285714285476e-01
4.285714285714285476e-01
4.285714285714285476e-01
4.285714285714285476e-01
9.655172413793103869e-01
9.655172413793103869e-01
9.655172413793103869e-01
9.888888888888889284e-01
9.888888888888889284e-01
9.888888888888889284e-01
9.888888888888889284e-01
9.888888888888889284e-01
9.888888888888889284e-01
9.888888888888889284e-01
8.838028169014084945e-01
5.000000000000000000e-01
7.981651376146788879e-01
7.981651376146788879e-01
7.981651376146788879e-01
9.436619718309858795e-01
5.000000000000000000e-01
1.333333333333333315e-01
9.701492537313433084e-01
9.583333333333333703e-01
9.814814814814815103e-01
9.180327868852459217e-01
7.222222222222222099e-01
9.799999999999999822e-01
6.785714285714286031e-01
9.090909090909090606e-01
5.999999999999999778e-01
9.629629629629629095e-01
9.090909090909090606e-01
6.774193548387096309e-01
9.729729729729730270e-01
9.375000000000000000e-01
8.399999999999999689e-01
9.722222222222222099e-01
9.722222222222222099e-01
5.040650406504064707e-01
5.500000000000000444e-01
1.428571428571428492e-01
4.848484848484848619e-01
9.587628865979381798e-01
9.493670886075948889e-01
4.324324324324324564e-01
6.296296296296296502e-01
3.913043478260869734e-01
7.752808988764045006e-01
7.752808988764045006e-01
9.987129987129986786e-01
9.987129987129986786e-01
9.987129987129986786e-01
9.984374999999999778e-01
9.984374999999999778e-01
9.984374999999999778e-01
9.983416252072968566e-01
9.983416252072968566e-01
9.983416252072968566e-01
9.909090909090909616e-01
9.977324263038548358e-01
9.977324263038548358e-01
9.977324263038548358e-01
9.704433497536946174e-01
9.704433497536946174e-01
9.704433497536946174e-01
7.450980392156862919e-01
6.890243902439023849e-01
6.890243902439023849e-01
6.890243902439023849e-01
9.303030303030302983e-01
9.303030303030302983e-01
9.303030303030302983e-01
5.810810810810810301e-01
5.810810810810810301e-01
5.810810810810810301e-01
6.190476190476190688e-01
5.810810810810810301e-01
9.615384615384615641e-01
9.285714285714286031e-01
9.523809523809523281e-01
9.230769230769231282e-01
9.090909090909090606e-01
9.230769230769231282e-01
6.250000000000000000e-02
7.058823529411765163e-01
6.666666666666666297e-01
9.275766016713091755e-01
9.275766016713091755e-01
9.365079365079365115e-01
9.365079365079365115e-01
3.018867924528301772e-01
3.018867924528301772e-01
3.886010362694300446e-01
3.886010362694300446e-01
7.847222222222222099e-01
9.499999999999999556e-01
9.473684210526315264e-01
9.615384615384615641e-01
9.090909090909090606e-01
2.772277227722772519e-01
7.739130434782608425e-01
9.910714285714286031e-01
9.846153846153846700e-01
9.615384615384615641e-01
9.473684210526315264e-01
9.444444444444444198e-01
9.552238805970149071e-01
9.552238805970149071e-01
9.552238805970149071e-01
9.444444444444444198e-01
5.238095238095238360e-01
8.000000000000000444e-01
3.478260869565217295e-01
6.925465838509317074e-01
6.925465838509317074e-01
6.925465838509317074e-01
9.599999999999999645e-01
2.637362637362637430e-01
4.189189189189189144e-01
5.540540540540540571e-01
6.739130434782608647e-01
6.739130434782608647e-01
9.714285714285714191e-01
9.333333333333333481e-01
9.928571428571428825e-01
8.928571428571429047e-01
8.928571428571429047e-01
7.500000000000000000e-01
7.500000000000000000e-01
9.876543209876542662e-01
9.876543209876542662e-01
5.217391304347825942e-01
4.651162790697674354e-01
5.035971223021582510e-01
5.000000000000000000e-01
9.000000000000000222e-01
9.333333333333333481e-01
9.523809523809523281e-01
3.636363636363636465e-01
4.210526315789473450e-01
9.714285714285714191e-01
9.166666666666666297e-01
9.880952380952381375e-01
8.238341968911917501e-01
7.012658227848100889e-01
7.012658227848100889e-01
9.539473684210526550e-01
7.213114754098360892e-01
8.599999999999999867e-01
9.577464788732393819e-01
8.641975308641974829e-01
9.599999999999999645e-01
9.555555555555556024e-01
9.729729729729730270e-01
9.387755102040816757e-01
7.731092436974790205e-01
9.545454545454545858e-01
9.499999999999999556e-01
9.473684210526315264e-01
9.523809523809523281e-01
9.166666666666666297e-01
9.511677282377919429e-01
9.511677282377919429e-01
9.937500000000000222e-01
6.363636363636363535e-01
9.000000000000000222e-01
8.252427184466019083e-01
9.791666666666666297e-01
9.499999999999999556e-01
9.599999999999999645e-01
9.969788519637462487e-01
9.647058823529411908e-01
9.655172413793103869e-01
4.782608695652174058e-01
8.666666666666666963e-01
6.315789473684210176e-01
9.871794871794872250e-01
9.655172413793103869e-01
7.500000000000000000e-01
9.655172413793103869e-01
7.843137254901960675e-01
9.000000000000000222e-01
6.666666666666666297e-01
7.868852459016393297e-01
9.444444444444444198e-01
5.581395348837209225e-01
9.166666666666666297e-01
9.333333333333333481e-01
9.000000000000000222e-01
9.285714285714286031e-01
7.016706443914081381e-01
6.913580246913579863e-01
9.444444444444444198e-01
5.841584158415841221e-01
9.615384615384615641e-01
5.454545454545454142e-01
9.499999999999999556e-01
9.696969696969697239e-01
9.113924050632911111e-01
9.827586206896551380e-01
9.696969696969697239e-01
8.333333333333333703e-01
9.705882352941176405e-01
9.705882352941176405e-01
9.761904761904761640e-01
9.761904761904761640e-01
9.736842105263158187e-01
8.181818181818182323e-01
8.865979381443298557e-01
7.307692307692307265e-01
6.666666666666666297e-01
9.919999999999999929e-01
9.919354838709677491e-01
9.767441860465115866e-01
9.565217391304348116e-01
9.818181818181818121e-01
9.457831325301204739e-01
8.260869565217391353e-01
8.666666666666666963e-01
9.965517241379310276e-01
9.965517241379310276e-01
9.523809523809523281e-01
9.230769230769231282e-01
5.263157894736841813e-01
5.263157894736841813e-01
5.263157894736841813e-01
5.263157894736841813e-01
9.130434782608695121e-01
9.000000000000000222e-01
9.655172413793103869e-01
2.000000000000000111e-01
4.000000000000000222e-01
5.999999999999999778e-01
5.661016949152541944e-01
9.024390243902439268e-01
4.722222222222222099e-01
9.375000000000000000e-01
8.461538461538461453e-01
9.000000000000000222e-01
5.945945945945946276e-01
9.307359307359307499e-01
6.812227074235808200e-01
8.275862068965517127e-01
9.014084507042253724e-01
6.138482023968042656e-01
0.000000000000000000e+00
5.255681818181817677e-01
4.651162790697674354e-01
4.633333333333333193e-01
4.651162790697674354e-01
9.940476190476190688e-01
9.964028776978417490e-01
9.722222222222222099e-01
9.722222222222222099e-01
9.964157706093189626e-01
8.181818181818182323e-01
8.181818181818182323e-01
9.599999999999999645e-01
6.315789473684210176e-01
9.836065573770491621e-01
9.473684210526315264e-01
8.455284552845528934e-01
9.375000000000000000e-01
4.905660377358490587e-01
4.905660377358490587e-01
9.285714285714286031e-01
6.129032258064516236e-01
6.999999999999999556e-01
6.363636363636363535e-01
9.333333333333333481e-01
9.375000000000000000e-01
9.375000000000000000e-01
9.666666666666666741e-01
5.714285714285713969e-01
9.230769230769231282e-01
4.500000000000000111e-01
4.500000000000000111e-01
9.425287356321838672e-01
6.428571428571429047e-01
1.000000000000000056e-01
9.499999999999999556e-01
9.777777777777777457e-01
9.499999999999999556e-01
9.873417721518987777e-01
9.285714285714286031e-01
9.499999999999999556e-01
9.777777777777777457e-01
9.523809523809523281e-01
5.000000000000000000e-01
7.350427350427350959e-01
3.333333333333333148e-01
9.487179487179486781e-01
8.750000000000000000e-01
8.652482269503546375e-01
8.750000000000000000e-01
7.500000000000000000e-01
