2.000000000000000111e-01
4.020618556701031077e-01
8.281250000000000000e-01
8.392857142857143016e-01
3.855421686746988152e-01
4.698795180722891707e-01
4.509803921568627527e-01
4.126984126984126755e-01
7.169811320754716499e-01
2.765957446808510745e-01
6.041666666666666297e-01
3.098591549295774406e-01
7.865168539325843033e-01
2.941176470588235392e-01
0.000000000000000000e+00
3.620689655172413812e-01
5.185185185185184897e-01
5.208333333333333703e-01
7.142857142857143016e-01
6.184210526315789824e-01
4.067796610169491789e-01
8.867924528301887044e-01
2.500000000000000000e-01
5.000000000000000000e-01
4.426229508196721230e-01
3.428571428571428603e-01
1.851851851851851749e-01
7.857142857142856984e-01
9.268292682926829729e-01
5.098039215686274161e-01
3.877551020408163129e-01
1.194029850746268634e-01
5.915492957746478764e-01
5.409836065573770947e-01
1.021739130434782705e+00
4.000000000000000222e-01
2.244897959183673464e-01
4.210526315789473450e-01
1.019607843137254832e+00
7.083333333333333703e-01
3.859649122807017330e-01
5.079365079365079083e-01
2.203389830508474534e-01
6.020408163265306145e-01
3.606557377049180446e-01
2.115384615384615363e-01
5.263157894736841813e-01
4.363636363636363424e-01
1.011764705882352899e+00
4.545454545454545581e-02
1.509433962264150886e-01
5.813953488372093359e-01
3.272727272727272707e-01
3.061224489795918435e-01
8.545454545454544970e-01
1.515151515151515194e-01
6.037735849056603543e-01
6.463414634146341653e-01
7.959183673469387710e-01
7.199999999999999734e-01
1.013698630136986356e+00
1.022727272727272707e+00
4.558823529411764608e-01
5.609756097560976151e-01
1.023255813953488413e+00
4.727272727272727182e-01
3.076923076923077094e-01
6.250000000000000000e-01
3.333333333333333148e-01
6.271186440677966045e-01
5.740740740740740700e-01
6.404494382022472010e-01
6.428571428571429047e-01
3.389830508474576121e-01
3.255813953488372325e-01
4.821428571428571508e-01
4.032258064516128782e-01
1.018518518518518601e+00
4.027777777777777901e-01
3.750000000000000000e-01
4.000000000000000222e-01
2.156862745098039325e-01
2.888888888888888618e-01
4.687500000000000000e-01
3.333333333333333148e-01
4.354838709677419373e-01
4.328358208955223607e-01
4.561403508771929571e-01
4.418604651162790775e-01
1.017857142857142794e+00
5.614035087719297934e-01
3.818181818181818343e-01
1.818181818181818232e-01
9.855072463768116409e-01
9.310344827586206629e-01
5.106382978723403854e-01
5.172413793103448620e-01
3.650793650793650591e-01
7.857142857142856984e-01
6.226415094339622369e-01
3.698630136986301165e-01
4.375000000000000000e-01
4.693877551020408379e-01
4.799999999999999822e-01
3.541666666666666852e-01
6.779661016949152241e-01
2.156862745098039325e-01
1.000000000000000000e+00
2.878787878787879007e-01
4.745762711864406902e-01
3.544303797468354444e-01
1.009615384615384581e+00
5.894736842105262609e-01
3.559322033898305038e-01
1.019230769230769162e+00
7.380952380952381375e-01
5.869565217391304879e-01
5.319148936170212671e-01
1.019607843137254832e+00
5.882352941176470507e-02
6.999999999999999556e-01
4.772727272727272929e-01
8.490566037735849392e-01
1.014492753623188470e+00
3.207547169811320598e-01
4.807692307692307820e-01
1.020408163265306145e+00
4.893617021276595591e-01
5.333333333333333259e-01
2.826086956521738913e-01
4.285714285714285476e-01
7.833333333333333259e-01
3.469387755102040782e-01
3.131313131313131493e-01
1.014492753623188470e+00
7.450980392156862919e-01
0.000000000000000000e+00
5.205479452054794232e-01
6.290322580645161255e-01
1.020408163265306145e+00
8.382352941176470784e-01
1.000000000000000000e+00
1.020833333333333259e+00
1.019230769230769162e+00
4.029850746268656692e-01
1.020408163265306145e+00
5.925925925925925597e-01
1.636363636363636354e-01
2.352941176470588203e-01
2.553191489361701927e-01
3.076923076923077094e-01
3.617021276595744905e-01
6.346153846153845812e-01
5.925925925925925597e-01
6.056338028169013787e-01
5.961538461538461453e-01
1.021276595744680771e+00
1.017857142857142794e+00
9.482758620689655249e-01
5.416666666666666297e-01
3.599999999999999867e-01
1.636363636363636354e-01
4.000000000000000222e-01
5.967741935483871218e-01
2.678571428571428492e-01
4.444444444444444198e-01
6.666666666666666297e-01
4.150943396226415283e-01
4.651162790697674354e-01
3.114754098360655865e-01
2.399999999999999911e-01
3.617021276595744905e-01
4.054054054054054279e-01
4.923076923076923350e-01
5.799999999999999600e-01
5.208333333333333703e-01
6.739130434782608647e-01
6.956521739130434590e-01
6.727272727272727293e-01
4.090909090909091161e-01
3.582089552238805763e-01
2.857142857142856984e-01
2.923076923076923239e-01
8.196721311475410054e-01
5.769230769230768718e-01
1.904761904761904656e-01
6.400000000000000133e-01
9.354838709677418818e-01
7.450980392156862919e-01
3.278688524590163689e-01
5.254237288135593653e-01
6.296296296296296502e-01
5.416666666666666297e-01
1.698113207547169712e-01
3.125000000000000000e-01
5.192307692307692735e-01
5.000000000000000000e-01
4.528301886792452935e-01
7.464788732394366244e-01
3.103448275862069061e-01
3.090909090909090828e-01
3.559322033898305038e-01
0.000000000000000000e+00
6.551724137931034253e-01
5.068493150684931781e-01
5.000000000000000000e-01
1.017857142857142794e+00
1.666666666666666574e-01
5.490196078431373028e-01
3.442622950819672067e-01
1.016949152542372836e+00
9.419354838709677047e-01
1.568627450980392135e-01
3.809523809523809312e-01
4.153846153846154077e-01
7.096774193548387455e-01
4.545454545454545303e-01
5.054945054945054750e-01
7.647058823529411242e-01
6.481481481481481399e-01
4.468085106382978511e-01
1.568627450980392135e-01
2.978723404255319007e-01
3.800000000000000044e-01
3.289473684210526550e-01
4.050632911392405000e-01
3.404255319148936088e-01
3.272727272727272707e-01
4.181818181818181546e-01
3.404255319148936088e-01
3.214285714285714524e-01
3.898305084745762872e-01
6.229508196721311730e-01
5.294117647058823595e-01
3.965517241379310498e-01
2.884615384615384359e-01
2.999999999999999889e-01
3.255813953488372325e-01
5.434782608695651884e-01
3.023255813953488191e-01
2.105263157894736725e-01
4.000000000000000222e-01
3.492063492063491870e-01
4.642857142857143016e-01
4.400000000000000022e-01
2.999999999999999889e-01
2.156862745098039325e-01
8.474576271186440302e-02
4.000000000000000222e-01
5.531914893617021489e-01
5.094339622641509413e-01
5.178571428571429047e-01
1.199999999999999956e-01
5.789473684210526550e-01
1.803278688524590223e-01
2.068965517241379282e-01
3.333333333333333148e-01
1.015384615384615330e+00
3.780487804878048808e-01
1.785714285714285754e-01
3.851351351351351426e-01
4.181818181818181546e-01
2.909090909090908950e-01
7.083333333333333703e-01
5.098039215686274161e-01
1.017543859649122862e+00
8.125000000000000000e-01
4.655172413793103314e-01
4.074074074074073848e-01
8.518518518518518601e-01
4.137931034482758563e-01
5.614035087719297934e-01
8.196721311475410054e-01
1.071428571428571369e-01
2.399999999999999911e-01
6.086956521739130821e-01
1.799999999999999933e-01
3.898305084745762872e-01
3.333333333333333148e-01
3.673469387755102233e-01
4.358974358974359031e-01
1.018518518518518601e+00
3.829787234042553168e-01
4.269662921348314488e-01
4.814814814814814548e-01
2.380952380952380820e-01
1.923076923076923184e-01
1.578947368421052544e-01
2.545454545454545192e-01
7.611940298507462455e-01
5.600000000000000533e-01
2.711864406779661008e-01
1.153846153846153910e-01
3.559322033898305038e-01
4.600000000000000200e-01
3.877551020408163129e-01
6.415094339622641195e-01
1.018867924528301883e+00
3.400000000000000244e-01
1.063829787234042562e-01
4.333333333333333481e-01
6.764705882352941568e-01
1.024390243902439046e+00
1.019607843137254832e+00
7.894736842105263275e-01
3.928571428571428492e-01
2.477064220183486376e-01
3.780487804878048808e-01
1.904761904761904656e-01
8.499999999999999778e-01
4.799999999999999822e-01
7.407407407407406996e-01
1.018518518518518601e+00
9.818181818181818121e-01
3.846153846153846367e-01
8.791208791208791895e-02
9.830508474576271638e-01
3.061224489795918435e-01
4.146341463414633943e-01
1.020833333333333259e+00
7.980769230769231282e-01
9.803921568627450844e-02
9.183673469387755306e-01
4.489795918367346927e-01
3.829787234042553168e-01
6.034482758620689502e-01
1.013888888888888840e+00
2.459016393442622905e-01
5.555555555555555802e-01
4.716981132075471761e-01
2.647058823529411797e-01
4.307692307692307931e-01
5.535714285714286031e-01
4.509803921568627527e-01
2.264150943396226467e-01
5.000000000000000000e-01
1.818181818181818232e-01
3.599999999999999867e-01
3.454545454545454586e-01
5.000000000000000000e-01
2.982456140350877027e-01
8.125000000000000000e-01
3.333333333333333148e-01
1.020833333333333259e+00
2.096774193548387177e-01
3.269230769230769273e-01
9.242424242424241987e-01
2.321428571428571508e-01
6.818181818181817677e-02
1.923076923076923184e-01
3.750000000000000000e-01
7.619047619047618625e-01
1.445783132530120418e-01
3.392857142857143016e-01
1.013698630136986356e+00
4.489795918367346927e-01
8.644067796610169774e-01
7.600000000000000089e-01
2.363636363636363591e-01
1.017543859649122862e+00
3.636363636363636465e-01
5.098039215686274161e-01
2.105263157894736725e-01
1.000000000000000000e+00
1.000000000000000000e+00
4.354838709677419373e-01
6.800000000000000488e-01
3.818181818181818343e-01
2.063492063492063378e-01
3.255813953488372325e-01
7.192982456140351033e-01
1.018867924528301883e+00
8.333333333333333703e-01
2.068965517241379282e-01
2.549019607843137081e-01
9.836065573770491621e-02
5.686274509803921351e-01
4.347826086956521618e-01
8.461538461538461453e-01
3.302752293577981835e-01
4.285714285714285476e-01
3.684210526315789269e-01
4.827586206896551935e-01
6.296296296296296502e-01
2.083333333333333426e-01
1.017857142857142794e+00
3.673469387755102233e-01
2.884615384615384359e-01
1.300000000000000044e-01
4.531250000000000000e-01
1.017241379310344751e+00
8.627450980392157298e-01
8.301886792452830566e-01
1.020000000000000018e+00
5.000000000000000000e-01
4.255319148936170248e-01
2.197802197802197766e-01
6.615384615384615197e-01
6.333333333333333037e-01
1.011764705882352899e+00
4.736842105263157632e-01
6.041666666666666297e-01
5.625000000000000000e-01
8.367346938775510612e-01
4.336283185840708043e-01
4.523809523809523836e-01
2.800000000000000266e-01
4.666666666666666741e-01
7.922077922077922496e-01
1.011764705882352899e+00
1.018867924528301883e+00
4.528301886792452935e-01
4.158415841584158223e-01
3.272727272727272707e-01
8.644067796610169774e-01
4.897959183673469274e-01
2.131147540983606425e-01
5.217391304347825942e-01
8.437500000000000000e-01
1.403508771929824483e-01
1.018181818181818077e+00
5.714285714285713969e-01
3.917525773195876249e-01
3.333333333333333148e-01
5.272727272727272263e-01
2.962962962962962798e-01
5.098039215686274161e-01
3.684210526315789269e-01
2.500000000000000000e-01
3.333333333333333148e-01
3.137254901960784270e-01
5.769230769230768718e-01
7.812500000000000000e-01
2.340425531914893664e-01
2.682926829268292845e-01
3.921568627450980338e-01
1.702127659574468044e-01
4.268292682926829174e-01
3.157894736842105088e-01
1.018867924528301883e+00
1.021739130434782705e+00
1.020000000000000018e+00
6.125000000000000444e-01
1.013513513513513598e+00
9.433962264150943522e-01
3.137254901960784270e-01
1.017543859649122862e+00
2.264150943396226467e-01
3.829787234042553168e-01
9.772727272727272929e-01
6.250000000000000000e-02
7.096774193548387455e-01
7.551020408163264808e-01
4.193548387096774355e-01
1.525423728813559421e-01
5.454545454545454142e-01
1.009803921568627416e+00
3.272727272727272707e-01
6.037735849056603543e-01
1.020000000000000018e+00
1.000000000000000000e+00
9.361702127659574657e-01
1.017857142857142794e+00
2.708333333333333148e-01
1.010309278350515427e+00
4.791666666666666852e-01
6.500000000000000222e-01
4.193548387096774355e-01
5.270270270270269730e-01
1.875000000000000000e-01
3.235294117647058987e-01
3.333333333333333148e-01
3.762376237623762387e-01
1.018181818181818077e+00
4.342105263157894912e-01
4.666666666666666741e-01
4.313725490196078649e-01
1.022222222222222143e+00
4.705882352941176405e-01
4.489795918367346927e-01
5.087719298245614308e-01
4.893617021276595591e-01
1.016666666666666607e+00
3.584905660377358250e-01
3.793103448275861878e-01
4.166666666666666852e-01
2.978723404255319007e-01
4.067796610169491789e-01
8.372093023255814392e-01
5.087719298245614308e-01
3.492063492063491870e-01
2.692307692307692180e-01
1.641791044776119424e-01
0.000000000000000000e+00
2.086956521739130321e-01
7.547169811320755262e-01
3.962264150943396457e-01
1.093750000000000000e-01
5.166666666666667185e-01
7.692307692307692735e-01
1.017857142857142794e+00
4.408602150537634379e-01
6.938775510204081565e-01
5.555555555555555802e-01
1.063829787234042562e-01
5.416666666666666297e-01
1.013888888888888840e+00
4.029850746268656692e-01
3.400000000000000244e-01
1.020000000000000018e+00
5.714285714285713969e-01
1.875000000000000000e-01
2.777777777777777901e-01
2.075471698113207641e-01
3.472222222222222099e-01
5.444444444444443976e-01
1.250000000000000000e-01
1.600000000000000033e-01
6.326530612244898322e-01
1.799999999999999933e-01
5.490196078431373028e-01
6.380952380952380487e-01
3.965517241379310498e-01
6.250000000000000000e-01
4.166666666666666852e-01
5.625000000000000000e-01
3.548387096774193727e-01
3.636363636363636465e-01
1.666666666666666574e-01
9.523809523809523281e-02
4.565217391304347561e-01
6.458333333333333703e-01
4.038461538461538547e-01
3.295454545454545303e-01
6.530612244897958663e-01
3.035714285714285476e-01
3.829787234042553168e-01
5.081967213114754189e-01
5.799999999999999600e-01
1.017857142857142794e+00
5.799999999999999600e-01
5.166666666666667185e-01
2.727272727272727071e-01
1.020408163265306145e+00
7.254901960784313486e-01
3.870967741935483764e-01
6.603773584905660021e-01
4.666666666666666741e-01
2.195121951219512202e-01
2.600000000000000089e-01
4.237288135593220151e-01
7.142857142857143016e-01
1.021276595744680771e+00
1.018867924528301883e+00
3.275862068965517127e-01
2.837837837837837718e-01
2.075471698113207641e-01
4.666666666666666741e-01
3.809523809523809312e-01
3.653846153846153633e-01
5.147058823529411242e-01
2.291666666666666574e-01
4.629629629629629650e-01
5.799999999999999600e-01
3.739837398373983546e-01
3.191489361702127825e-01
6.349206349206348854e-01
5.227272727272727071e-01
5.409836065573770947e-01
2.264150943396226467e-01
1.475409836065573743e-01
3.108108108108108003e-01
1.328125000000000000e-01
4.886363636363636465e-01
8.548387096774193727e-01
1.019230769230769162e+00
3.888888888888888951e-01
6.562500000000000000e-01
1.009615384615384581e+00
3.906250000000000000e-01
7.169811320754716499e-01
3.703703703703703498e-01
2.399999999999999911e-01
8.593750000000000000e-01
4.000000000000000222e-01
1.521739130434782705e-01
1.006756756756756799e+00
3.478260869565217295e-01
7.413793103448276245e-01
1.021276595744680771e+00
3.090909090909090828e-01
1.086956521739130405e-01
5.535714285714286031e-01
6.250000000000000000e-01
6.170212765957446832e-01
4.423076923076922906e-01
8.211920529801324253e-01
1.020408163265306145e+00
1.020833333333333259e+00
2.954545454545454697e-01
1.016949152542372836e+00
3.800000000000000044e-01
4.400000000000000022e-01
1.019607843137254832e+00
5.492957746478873693e-01
5.714285714285713969e-01
4.255319148936170248e-01
3.928571428571428492e-01
4.000000000000000222e-01
1.521739130434782705e-01
3.333333333333333148e-01
6.101694915254237683e-01
1.571428571428571397e-01
3.392857142857143016e-01
2.452830188679245293e-01
4.878048780487804770e-01
2.210526315789473617e-01
8.392857142857143016e-01
7.142857142857143016e-01
1.011494252873563315e+00
6.891891891891891442e-01
4.328358208955223607e-01
7.564102564102563875e-01
3.802816901408450634e-01
1.000000000000000000e+00
8.493150684931506378e-01
1.018867924528301883e+00
1.016393442622950838e+00
3.137254901960784270e-01
8.333333333333333703e-01
3.076923076923077094e-02
5.744680851063830307e-01
3.823529411764705621e-01
3.636363636363636465e-01
7.045454545454545858e-01
4.285714285714285476e-01
4.074074074074073848e-01
1.212121212121212155e-01
6.090909090909091272e-01
3.877551020408163129e-01
3.859649122807017330e-01
3.555555555555555691e-01
1.012987012987012880e+00
4.363636363636363424e-01
4.919354838709677491e-01
9.473684210526315264e-01
4.098360655737705027e-01
6.140350877192982670e-01
2.999999999999999889e-01
4.166666666666666852e-01
3.461538461538461453e-01
5.394736842105263275e-01
3.387096774193548154e-01
5.081967213114754189e-01
2.857142857142856984e-01
3.592233009708737934e-01
3.478260869565217295e-01
5.744680851063830307e-01
1.011235955056179803e+00
1.020000000000000018e+00
2.142857142857142738e-01
1.021276595744680771e+00
5.102040816326530726e-01
5.283018867924528239e-01
4.696969696969697239e-01
4.150943396226415283e-01
2.115384615384615363e-01
9.886363636363636465e-01
1.019230769230769162e+00
1.021276595744680771e+00
4.363636363636363424e-01
3.653846153846153633e-01
4.146341463414633943e-01
4.189189189189189144e-01
1.136363636363636326e-01
4.107142857142856984e-01
5.799999999999999600e-01
5.428571428571428159e-01
2.727272727272727071e-01
5.490196078431373028e-01
1.017241379310344751e+00
2.448979591836734637e-01
4.814814814814814548e-01
5.306122448979592177e-01
5.813953488372093359e-01
2.622950819672131284e-01
3.090909090909090828e-01
3.448275862068965747e-01
5.370370370370370905e-01
4.339622641509434109e-01
6.190476190476190688e-01
3.396226415094339424e-01
1.600000000000000033e-01
5.600000000000000533e-01
2.068965517241379282e-01
2.452830188679245293e-01
8.961038961038960693e-01
1.019607843137254832e+00
2.835820895522387919e-01
1.017241379310344751e+00
5.208333333333333703e-01
2.692307692307692180e-01
4.000000000000000222e-01
3.666666666666666408e-01
1.555555555555555580e-01
1.017543859649122862e+00
4.313725490196078649e-01
2.999999999999999889e-01
4.423076923076922906e-01
6.600000000000000311e-01
2.105263157894736725e-01
3.454545454545454586e-01
7.051282051282051766e-01
2.542372881355932090e-01
3.166666666666666519e-01
1.463414634146341375e-01
8.214285714285713969e-01
2.244897959183673464e-01
2.800000000000000266e-01
5.176470588235294601e-01
3.870967741935483764e-01
6.792452830188678847e-01
3.541666666666666852e-01
3.333333333333333148e-01
3.396226415094339424e-01
3.333333333333333148e-01
2.372881355932203451e-01
2.941176470588235392e-01
9.387755102040816757e-01
3.529411764705882582e-01
2.307692307692307820e-01
4.782608695652174058e-01
3.703703703703703498e-01
9.799999999999999822e-01
6.190476190476190688e-01
1.011494252873563315e+00
1.006578947368421018e+00
6.274509803921568540e-01
6.199999999999999956e-01
4.642857142857143016e-01
9.310344827586206629e-01
4.533333333333333104e-01
3.484848484848485084e-01
9.512195121951219079e-01
3.200000000000000067e-01
8.431372549019607865e-01
3.863636363636363535e-01
7.272727272727272929e-01
4.645669291338582751e-01
3.673469387755102233e-01
2.931034482758620441e-01
3.571428571428571508e-01
1.013888888888888840e+00
1.666666666666666574e-01
5.686274509803921351e-01
1.914893617021276584e-01
4.019607843137255054e-01
6.500000000000000222e-01
5.636363636363636020e-01
4.509803921568627527e-01
1.023809523809523725e+00
3.958333333333333148e-01
4.117647058823529216e-01
6.372549019607842702e-01
8.333333333333333703e-01
4.444444444444444198e-01
8.627450980392157298e-01
4.705882352941176405e-01
4.833333333333333370e-01
1.017543859649122862e+00
2.266666666666666552e-01
3.835616438356164171e-01
5.208333333333333703e-01
2.830188679245282946e-01
1.015625000000000000e+00
4.285714285714285476e-01
0.000000000000000000e+00
2.000000000000000111e-01
4.071428571428571397e-01
5.263157894736841813e-01
4.107142857142856984e-01
2.592592592592592449e-01
4.736842105263157632e-01
9.111111111111110938e-01
5.555555555555555802e-01
7.241379310344827624e-01
1.016129032258064502e+00
2.842105263157894690e-01
1.013333333333333419e+00
5.342465753424657793e-01
4.509803921568627527e-01
1.019607843137254832e+00
1.019230769230769162e+00
2.835820895522387919e-01
6.909090909090909172e-01
2.115384615384615363e-01
2.307692307692307820e-01
2.692307692307692180e-01
1.000000000000000000e+00
1.018518518518518601e+00
3.125000000000000000e-01
7.796610169491525744e-01
3.448275862068965747e-01
1.017857142857142794e+00
4.761904761904761640e-01
3.571428571428571508e-01
4.883720930232557933e-01
7.671232876712328341e-01
3.750000000000000000e-01
1.489361702127659504e-01
5.714285714285713969e-01
2.439024390243902385e-01
2.264150943396226467e-01
5.076923076923076650e-01
2.448979591836734637e-01
4.000000000000000222e-01
4.714285714285714191e-01
2.631578947368420907e-01
4.925373134328357994e-01
4.146341463414633943e-01
6.388888888888888395e-01
3.636363636363636465e-01
5.945945945945946276e-01
3.802816901408450634e-01
3.529411764705882582e-01
1.000000000000000000e+00
6.607142857142856984e-01
4.882352941176470451e-01
1.020833333333333259e+00
2.931034482758620441e-01
6.250000000000000000e-02
3.269230769230769273e-01
1.886792452830188607e-02
1.406250000000000000e-01
4.423076923076922906e-01
3.157894736842105088e-01
1.013157894736842035e+00
6.666666666666666297e-01
1.021739130434782705e+00
6.142857142857143238e-01
1.000000000000000000e+00
1.018181818181818077e+00
5.142857142857142350e-01
1.021276595744680771e+00
3.392857142857143016e-01
8.933333333333333126e-01
3.499999999999999778e-01
0.000000000000000000e+00
2.000000000000000111e-01
2.500000000000000000e-01
9.166666666666666297e-01
5.370370370370370905e-01
7.027027027027027417e-01
4.727272727272727182e-01
6.363636363636363535e-01
7.222222222222222099e-01
5.200000000000000178e-01
3.333333333333333148e-01
6.521739130434782705e-01
3.661971830985915610e-01
7.142857142857143016e-01
1.021276595744680771e+00
1.021276595744680771e+00
1.886792452830188815e-01
3.508771929824561209e-01
7.446808510638297518e-01
3.269230769230769273e-01
9.743589743589743390e-01
9.393939393939394478e-01
6.730769230769231282e-01
6.440677966101694407e-01
7.631578947368421462e-01
1.018867924528301883e+00
1.153846153846153910e-01
6.551724137931034253e-01
7.600000000000000089e-01
2.200000000000000011e-01
4.000000000000000222e-01
1.014084507042253502e+00
4.210526315789473450e-01
2.142857142857142738e-01
2.711864406779661008e-01
3.921568627450980338e-01
5.799999999999999600e-01
1.020833333333333259e+00
2.500000000000000000e-01
1.846153846153846256e-01
3.529411764705882582e-01
6.956521739130434590e-01
5.340909090909090606e-01
7.454545454545454808e-01
5.471698113207547065e-01
5.000000000000000000e-01
1.323529411764705899e-01
2.500000000000000000e-01
1.769911504424778736e-01
7.619047619047618625e-01
1.018518518518518601e+00
1.978021978021977934e-01
3.529411764705882582e-01
6.363636363636363535e-01
9.230769230769231282e-01
3.469387755102040782e-01
2.549019607843137081e-01
0.000000000000000000e+00
2.985074626865671377e-01
3.800000000000000044e-01
6.296296296296296502e-01
3.800000000000000044e-01
5.666666666666666519e-01
3.235294117647058987e-01
7.317073170731707155e-01
2.678571428571428492e-01
1.020408163265306145e+00
7.672413793103448620e-01
6.481481481481481399e-01
1.019607843137254832e+00
1.021739130434782705e+00
8.823529411764705621e-01
1.333333333333333315e-01
3.461538461538461453e-01
6.811594202898550998e-01
1.017241379310344751e+00
4.563106796116505048e-01
0.000000000000000000e+00
3.137254901960784270e-01
3.599999999999999867e-01
5.303030303030302761e-01
3.725490196078431460e-01
9.302325581395348708e-02
3.965517241379310498e-01
2.380952380952380820e-01
2.823529411764705843e-01
9.666666666666666741e-01
5.964912280701754055e-01
3.333333333333333148e-01
3.870967741935483764e-01
1.739130434782608647e-01
1.206896551724137984e-01
4.390243902439024404e-01
3.275862068965517127e-01
4.655172413793103314e-01
4.285714285714285476e-01
1.019607843137254832e+00
3.191489361702127825e-01
2.727272727272727071e-01
7.142857142857143016e-01
3.921568627450980338e-01
3.584905660377358250e-01
4.285714285714285476e-01
1.694915254237288060e-01
7.446808510638297518e-01
5.471698113207547065e-01
9.516129032258064946e-01
1.960784313725490169e-01
1.020833333333333259e+00
4.722222222222222099e-01
4.166666666666666852e-01
3.478260869565217295e-01
9.056603773584905870e-01
4.339622641509434109e-01
1.636363636363636354e-01
4.545454545454545303e-01
1.492537313432835688e-01
6.792452830188678847e-01
1.224489795918367319e-01
1.568627450980392135e-01
1.019230769230769162e+00
1.010416666666666741e+00
7.903225806451612545e-01
1.012658227848101333e+00
3.636363636363636465e-01
7.959183673469387710e-01
4.651162790697674354e-01
6.086956521739130821e-01
2.391304347826087029e-01
2.954545454545454697e-01
4.651162790697674354e-01
1.013698630136986356e+00
1.764705882352941291e-01
2.794117647058823595e-01
1.013333333333333419e+00
3.061224489795918435e-01
3.043478260869565410e-01
4.698795180722891707e-01
6.935483870967742437e-01
5.882352941176470784e-01
2.972972972972973138e-01
6.111111111111111605e-01
5.254237288135593653e-01
4.000000000000000222e-01
4.424778761061947119e-01
4.285714285714285476e-01
2.317073170731707432e-01
5.416666666666666297e-01
4.879999999999999893e-01
4.142857142857143127e-01
2.878787878787879007e-01
4.070796460176991372e-01
1.250000000000000000e-01
1.011764705882352899e+00
1.014705882352941124e+00
1.021739130434782705e+00
4.909090909090909061e-01
1.019607843137254832e+00
3.333333333333333148e-01
4.761904761904761640e-01
8.199999999999999512e-01
3.880597014925373234e-01
3.499999999999999778e-01
3.695652173913043237e-01
3.918918918918918859e-01
6.949152542372881713e-01
7.068965517241379004e-01
3.750000000000000000e-01
4.700854700854700807e-01
5.645161290322581182e-01
7.924528301886792914e-01
4.655172413793103314e-01
1.017543859649122862e+00
6.226415094339622369e-01
2.391304347826087029e-01
4.000000000000000222e-01
4.333333333333333481e-01
6.956521739130434590e-01
3.965517241379310498e-01
5.087719298245614308e-01
5.294117647058823595e-01
5.576923076923077094e-01
8.225806451612903691e-01
9.318181818181817677e-01
2.678571428571428492e-01
3.818181818181818343e-01
5.789473684210526550e-01
3.725490196078431460e-01
1.833333333333333204e-01
1.951219512195122019e-01
3.846153846153846367e-01
1.018867924528301883e+00
4.814814814814814548e-01
1.451612903225806550e-01
2.647058823529411797e-01
5.263157894736841813e-01
4.655172413793103314e-01
5.555555555555555247e-02
1.021739130434782705e+00
7.454545454545454808e-01
1.017241379310344751e+00
3.939393939393939226e-01
9.523809523809523281e-02
5.810810810810810301e-01
